b1/0001_0093_0053_0279_0279.jpg 1 93 53 279 279
b1/0002_0092_0171_0164_0164.jpg 1 92 171 164 164
b1/0003_0168_0060_0222_0222.jpg 1 168 60 222 222
b1/0004_0118_0033_0261_0261.jpg 1 118 33 261 261
b1/0005_0119_0147_0211_0211.jpg 1 119 147 211 211
b1/0006_0275_0033_0195_0195.jpg 1 275 33 195 195
b1/0007_0060_0228_0309_0309.jpg 1 60 228 309 309
b1/0008_0371_0236_0100_0100.jpg 1 371 236 100 100
b1/0009_0207_0082_0302_0302.jpg 1 207 82 302 302
b1/0010_0255_0109_0285_0285.jpg 1 255 109 285 285
b1/0011_0082_0235_0239_0239.jpg 1 82 235 239 239
b1/0012_0110_0135_0242_0242.jpg 1 110 135 242 242
b1/0013_0320_0208_0049_0049.jpg 1 320 208 49 49
b1/0014_0232_0062_0097_0097.jpg 1 232 62 97 97
b1/0015_0336_0069_0163_0163.jpg 1 336 69 163 163
b1/0016_0266_0223_0095_0095.jpg 1 266 223 95 95
b1/0017_0175_0026_0332_0332.jpg 1 175 26 332 332
b1/0018_0099_0102_0269_0269.jpg 1 99 102 269 269
b1/0019_0249_0247_0089_0089.jpg 1 249 247 89 89
b1/0020_0244_0061_0328_0328.jpg 1 244 61 328 328
b1/0021_0070_0143_0297_0297.jpg 1 70 143 297 297
b1/0022_0208_0087_0105_0105.jpg 1 208 87 105 105
b1/0023_0117_0094_0185_0185.jpg 1 117 94 185 185
b1/0024_0126_0124_0321_0321.jpg 1 126 124 321 321
b1/0025_0095_0137_0297_0297.jpg 1 95 137 297 297
b1/0026_0101_0074_0302_0302.jpg 1 101 74 302 302
b1/0027_0084_0058_0067_0067.jpg 1 84 58 67 67
b1/0028_0068_0099_0305_0305.jpg 1 68 99 305 305
b1/0029_0167_0153_0284_0284.jpg 1 167 153 284 284
b1/0030_0154_0048_0216_0216.jpg 1 154 48 216 216
b1/0031_0251_0064_0317_0317.jpg 1 251 64 317 317
b1/0032_0157_0133_0258_0258.jpg 1 157 133 258 258
b1/0033_0180_0021_0301_0301.jpg 1 180 21 301 301
b1/0034_0312_0217_0206_0206.jpg 1 312 217 206 206
b1/0035_0352_0228_0151_0151.jpg 1 352 228 151 151
b1/0036_0154_0072_0303_0303.jpg 1 154 72 303 303
b1/0037_0066_0134_0267_0267.jpg 1 66 134 267 267
b1/0038_0202_0096_0297_0297.jpg 1 202 96 297 297
b1/0039_0203_0119_0228_0228.jpg 1 203 119 228 228
b1/0040_0076_0085_0080_0080.jpg 1 76 85 80 80
b1/0041_0320_0081_0207_0207.jpg 1 320 81 207 207
b1/0042_0074_0046_0245_0245.jpg 1 74 46 245 245
b1/0043_0112_0052_0107_0107.jpg 1 112 52 107 107
b1/0044_0189_0028_0255_0255.jpg 1 189 28 255 255
b1/0045_0082_0156_0206_0206.jpg 1 82 156 206 206
b1/0046_0078_0219_0176_0176.jpg 1 78 219 176 176
b1/0047_0134_0092_0325_0325.jpg 1 134 92 325 325
b1/0048_0373_0150_0089_0089.jpg 1 373 150 89 89
b1/0049_0399_0333_0048_0048.jpg 1 399 333 48 48
b1/0050_0272_0179_0232_0232.jpg 1 272 179 232 232
b1/0051_0058_0309_0054_0054.jpg 1 58 309 54 54
b1/0052_0339_0050_0139_0139.jpg 1 339 50 139 139
b1/0053_0071_0102_0130_0130.jpg 1 71 102 130 130
b1/0054_0135_0130_0201_0201.jpg 1 135 130 201 201
b1/0055_0290_0071_0255_0255.jpg 1 290 71 255 255
b1/0056_0197_0084_0147_0147.jpg 1 197 84 147 147
b1/0057_0135_0154_0245_0245.jpg 1 135 154 245 245
b1/0058_0129_0332_0079_0079.jpg 1 129 332 79 79
b1/0059_0198_0275_0096_0096.jpg 1 198 275 96 96
b1/0060_0311_0080_0183_0183.jpg 1 311 80 183 183
b1/0061_0126_0144_0311_0311.jpg 1 126 144 311 311
b1/0062_0042_0376_0060_0060.jpg 1 42 376 60 60
b1/0063_0309_0104_0102_0102.jpg 1 309 104 102 102
b1/0064_0175_0145_0187_0187.jpg 1 175 145 187 187
b1/0065_0162_0204_0209_0209.jpg 1 162 204 209 209
b1/0066_0287_0047_0275_0275.jpg 1 287 47 275 275
b1/0067_0175_0048_0228_0228.jpg 1 175 48 228 228
b1/0068_0117_0167_0068_0068.jpg 1 117 167 68 68
b1/0069_0170_0275_0053_0053.jpg 1 170 275 53 53
b1/0070_0279_0232_0087_0087.jpg 1 279 232 87 87
b1/0071_0202_0194_0208_0208.jpg 1 202 194 208 208
b1/0072_0119_0229_0319_0319.jpg 1 119 229 319 319
b1/0073_0123_0154_0196_0196.jpg 1 123 154 196 196
b1/0074_0153_0039_0280_0280.jpg 1 153 39 280 280
b1/0075_0205_0064_0285_0285.jpg 1 205 64 285 285
b1/0076_0096_0078_0329_0329.jpg 1 96 78 329 329
b1/0077_0062_0110_0289_0289.jpg 1 62 110 289 289
b1/0078_0361_0057_0160_0160.jpg 1 361 57 160 160
b1/0079_0041_0119_0315_0315.jpg 1 41 119 315 315
b1/0080_0401_0075_0121_0121.jpg 1 401 75 121 121
b1/0081_0072_0403_0125_0125.jpg 1 72 403 125 125
b1/0082_0100_0112_0309_0309.jpg 1 100 112 309 309
b1/0083_0103_0110_0122_0122.jpg 1 103 110 122 122
b1/0084_0247_0133_0308_0308.jpg 1 247 133 308 308
b1/0085_0215_0072_0190_0190.jpg 1 215 72 190 190
b1/0086_0032_0205_0229_0229.jpg 1 32 205 229 229
b1/0087_0381_0220_0120_0120.jpg 1 381 220 120 120
b1/0088_0141_0193_0080_0080.jpg 1 141 193 80 80
b1/0089_0300_0150_0200_0200.jpg 1 300 150 200 200
b1/0090_0145_0108_0282_0282.jpg 1 145 108 282 282
b1/0091_0203_0155_0186_0186.jpg 1 203 155 186 186
b1/0092_0188_0058_0185_0185.jpg 1 188 58 185 185
b1/0093_0218_0104_0278_0278.jpg 1 218 104 278 278
b1/0094_0248_0097_0231_0231.jpg 1 248 97 231 231
b1/0095_0305_0074_0251_0251.jpg 1 305 74 251 251
b1/0096_0097_0065_0243_0243.jpg 1 97 65 243 243
b1/0097_0215_0100_0295_0295.jpg 1 215 100 295 295
b1/0098_0097_0073_0328_0328.jpg 1 97 73 328 328
b1/0099_0162_0229_0144_0144.jpg 1 162 229 144 144
b1/0100_0155_0148_0176_0176.jpg 1 155 148 176 176
b1/0101_0151_0180_0225_0225.jpg 1 151 180 225 225
b1/0102_0229_0274_0083_0083.jpg 1 229 274 83 83
b1/0103_0119_0072_0098_0098.jpg 1 119 72 98 98
b1/0104_0103_0084_0221_0221.jpg 1 103 84 221 221
b1/0105_0128_0077_0335_0335.jpg 1 128 77 335 335
b1/0106_0193_0179_0236_0236.jpg 1 193 179 236 236
b1/0107_0117_0137_0270_0270.jpg 1 117 137 270 270
b1/0108_0107_0286_0073_0073.jpg 1 107 286 73 73
b1/0109_0226_0059_0279_0279.jpg 1 226 59 279 279
b1/0110_0255_0255_0125_0125.jpg 1 255 255 125 125
b1/0111_0452_0200_0057_0057.jpg 1 452 200 57 57
b1/0112_0095_0317_0214_0214.jpg 1 95 317 214 214
b1/0113_0382_0077_0156_0156.jpg 1 382 77 156 156
b1/0114_0075_0064_0281_0281.jpg 1 75 64 281 281
b1/0115_0284_0243_0154_0154.jpg 1 284 243 154 154
b1/0116_0201_0070_0272_0272.jpg 1 201 70 272 272
b1/0117_0079_0254_0069_0069.jpg 1 79 254 69 69
b1/0118_0164_0257_0153_0153.jpg 1 164 257 153 153
b1/0119_0052_0207_0257_0257.jpg 1 52 207 257 257
b1/0120_0043_0178_0264_0264.jpg 1 43 178 264 264
b1/0121_0132_0103_0220_0220.jpg 1 132 103 220 220
b1/0122_0061_0129_0281_0281.jpg 1 61 129 281 281
b1/0123_0149_0187_0262_0262.jpg 1 149 187 262 262
b1/0124_0205_0060_0120_0120.jpg 1 205 60 120 120
b1/0125_0123_0045_0204_0204.jpg 1 123 45 204 204
b1/0126_0194_0424_0078_0078.jpg 1 194 424 78 78
b1/0127_0223_0210_0145_0145.jpg 1 223 210 145 145
b1/0128_0120_0177_0190_0190.jpg 1 120 177 190 190
b1/0129_0376_0267_0136_0136.jpg 1 376 267 136 136
b1/0130_0323_0043_0152_0152.jpg 1 323 43 152 152
b1/0131_0127_0062_0309_0309.jpg 1 127 62 309 309
b1/0132_0255_0131_0167_0167.jpg 1 255 131 167 167
b1/0133_0369_0267_0139_0139.jpg 1 369 267 139 139
b1/0134_0302_0108_0191_0191.jpg 1 302 108 191 191
b1/0135_0444_0263_0072_0072.jpg 1 444 263 72 72
b1/0136_0396_0234_0101_0101.jpg 1 396 234 101 101
b1/0137_0399_0108_0101_0101.jpg 1 399 108 101 101
b1/0138_0259_0129_0112_0112.jpg 1 259 129 112 112
b1/0139_0227_0257_0182_0182.jpg 1 227 257 182 182
b1/0140_0067_0283_0073_0073.jpg 1 67 283 73 73
b1/0141_0205_0090_0180_0180.jpg 1 205 90 180 180
b1/0142_0177_0051_0254_0254.jpg 1 177 51 254 254
b1/0143_0384_0147_0099_0099.jpg 1 384 147 99 99
b1/0144_0260_0079_0138_0138.jpg 1 260 79 138 138
b1/0145_0186_0170_0189_0189.jpg 1 186 170 189 189
b1/0146_0076_0067_0324_0324.jpg 1 76 67 324 324
b1/0147_0098_0214_0315_0315.jpg 1 98 214 315 315
b1/0148_0203_0057_0206_0206.jpg 1 203 57 206 206
b1/0149_0292_0223_0153_0153.jpg 1 292 223 153 153
b1/0150_0141_0122_0121_0121.jpg 1 141 122 121 121
b1/0151_0288_0367_0114_0114.jpg 1 288 367 114 114
b1/0152_0035_0063_0240_0240.jpg 1 35 63 240 240
b1/0153_0301_0077_0171_0171.jpg 1 301 77 171 171
b1/0154_0213_0047_0300_0300.jpg 1 213 47 300 300
b1/0155_0184_0234_0242_0242.jpg 1 184 234 242 242
b1/0156_0134_0099_0268_0268.jpg 1 134 99 268 268
b1/0157_0090_0057_0257_0257.jpg 1 90 57 257 257
b1/0158_0140_0021_0309_0309.jpg 1 140 21 309 309
b1/0159_0352_0251_0162_0162.jpg 1 352 251 162 162
b1/0160_0194_0127_0150_0150.jpg 1 194 127 150 150
b1/0161_0117_0140_0067_0067.jpg 1 117 140 67 67
b1/0162_0113_0199_0066_0066.jpg 1 113 199 66 66
b1/0163_0265_0090_0266_0266.jpg 1 265 90 266 266
b1/0164_0073_0039_0236_0236.jpg 1 73 39 236 236
b1/0165_0073_0199_0208_0208.jpg 1 73 199 208 208
b1/0166_0356_0083_0115_0115.jpg 1 356 83 115 115
b1/0167_0230_0298_0072_0072.jpg 1 230 298 72 72
b1/0168_0133_0161_0079_0079.jpg 1 133 161 79 79
b1/0169_0236_0280_0057_0057.jpg 1 236 280 57 57
b1/0170_0088_0024_0249_0249.jpg 1 88 24 249 249
b1/0171_0106_0084_0235_0235.jpg 1 106 84 235 235
b1/0172_0309_0173_0113_0113.jpg 1 309 173 113 113
b1/0173_0044_0038_0267_0267.jpg 1 44 38 267 267
b1/0174_0287_0238_0093_0093.jpg 1 287 238 93 93
b1/0175_0089_0089_0326_0326.jpg 1 89 89 326 326
b1/0176_0122_0081_0108_0108.jpg 1 122 81 108 108
b1/0177_0395_0132_0107_0107.jpg 1 395 132 107 107
b1/0178_0261_0331_0135_0135.jpg 1 261 331 135 135
b1/0179_0107_0142_0216_0216.jpg 1 107 142 216 216
b1/0180_0059_0310_0070_0070.jpg 1 59 310 70 70
b1/0181_0237_0167_0143_0143.jpg 1 237 167 143 143
b1/0182_0038_0134_0335_0335.jpg 1 38 134 335 335
b1/0183_0200_0159_0057_0057.jpg 1 200 159 57 57
b1/0184_0038_0037_0160_0160.jpg 1 38 37 160 160
b1/0185_0068_0220_0222_0222.jpg 1 68 220 222 222
b1/0186_0089_0077_0152_0152.jpg 1 89 77 152 152
b1/0187_0182_0169_0224_0224.jpg 1 182 169 224 224
b1/0188_0083_0117_0271_0271.jpg 1 83 117 271 271
b1/0189_0092_0291_0125_0125.jpg 1 92 291 125 125
b1/0190_0137_0297_0090_0090.jpg 1 137 297 90 90
b1/0191_0226_0154_0270_0270.jpg 1 226 154 270 270
b1/0192_0149_0120_0128_0128.jpg 1 149 120 128 128
b1/0193_0117_0033_0317_0317.jpg 1 117 33 317 317
b1/0194_0167_0063_0335_0335.jpg 1 167 63 335 335
b1/0195_0096_0134_0084_0084.jpg 1 96 134 84 84
b1/0196_0125_0226_0306_0306.jpg 1 125 226 306 306
b1/0197_0102_0084_0145_0145.jpg 1 102 84 145 145
b10/0001_0093_0053_0279_0279.jpg 1 93 53 279 279
b10/0002_0092_0171_0164_0164.jpg 1 92 171 164 164
b10/0003_0168_0060_0222_0222.jpg 1 168 60 222 222
b10/0004_0118_0033_0261_0261.jpg 1 118 33 261 261
b10/0005_0119_0147_0211_0211.jpg 1 119 147 211 211
b10/0006_0275_0033_0195_0195.jpg 1 275 33 195 195
b10/0007_0060_0228_0309_0309.jpg 1 60 228 309 309
b10/0008_0371_0236_0100_0100.jpg 1 371 236 100 100
b10/0009_0207_0082_0302_0302.jpg 1 207 82 302 302
b10/0010_0255_0109_0285_0285.jpg 1 255 109 285 285
b10/0011_0082_0235_0239_0239.jpg 1 82 235 239 239
b10/0012_0110_0135_0242_0242.jpg 1 110 135 242 242
b10/0013_0320_0208_0049_0049.jpg 1 320 208 49 49
b10/0014_0232_0062_0097_0097.jpg 1 232 62 97 97
b10/0015_0336_0069_0163_0163.jpg 1 336 69 163 163
b10/0016_0266_0223_0095_0095.jpg 1 266 223 95 95
b10/0017_0175_0026_0332_0332.jpg 1 175 26 332 332
b10/0018_0099_0102_0269_0269.jpg 1 99 102 269 269
b10/0019_0249_0247_0089_0089.jpg 1 249 247 89 89
b10/0020_0244_0061_0328_0328.jpg 1 244 61 328 328
b10/0021_0070_0143_0297_0297.jpg 1 70 143 297 297
b10/0022_0208_0087_0105_0105.jpg 1 208 87 105 105
b10/0023_0117_0094_0185_0185.jpg 1 117 94 185 185
b10/0024_0126_0124_0321_0321.jpg 1 126 124 321 321
b10/0025_0095_0137_0297_0297.jpg 1 95 137 297 297
b10/0026_0101_0074_0302_0302.jpg 1 101 74 302 302
b10/0027_0084_0058_0067_0067.jpg 1 84 58 67 67
b10/0028_0068_0099_0305_0305.jpg 1 68 99 305 305
b10/0029_0167_0153_0284_0284.jpg 1 167 153 284 284
b10/0030_0154_0048_0216_0216.jpg 1 154 48 216 216
b10/0031_0251_0064_0317_0317.jpg 1 251 64 317 317
b10/0032_0157_0133_0258_0258.jpg 1 157 133 258 258
b10/0033_0180_0021_0301_0301.jpg 1 180 21 301 301
b10/0034_0312_0217_0206_0206.jpg 1 312 217 206 206
b10/0035_0352_0228_0151_0151.jpg 1 352 228 151 151
b10/0036_0154_0072_0303_0303.jpg 1 154 72 303 303
b10/0037_0066_0134_0267_0267.jpg 1 66 134 267 267
b10/0038_0202_0096_0297_0297.jpg 1 202 96 297 297
b10/0039_0203_0119_0228_0228.jpg 1 203 119 228 228
b10/0040_0076_0085_0080_0080.jpg 1 76 85 80 80
b10/0041_0320_0081_0207_0207.jpg 1 320 81 207 207
b10/0042_0074_0046_0245_0245.jpg 1 74 46 245 245
b10/0043_0112_0052_0107_0107.jpg 1 112 52 107 107
b10/0044_0189_0028_0255_0255.jpg 1 189 28 255 255
b10/0045_0082_0156_0206_0206.jpg 1 82 156 206 206
b10/0046_0078_0219_0176_0176.jpg 1 78 219 176 176
b10/0047_0134_0092_0325_0325.jpg 1 134 92 325 325
b10/0048_0373_0150_0089_0089.jpg 1 373 150 89 89
b10/0049_0399_0333_0048_0048.jpg 1 399 333 48 48
b10/0050_0272_0179_0232_0232.jpg 1 272 179 232 232
b10/0051_0058_0309_0054_0054.jpg 1 58 309 54 54
b10/0052_0339_0050_0139_0139.jpg 1 339 50 139 139
b10/0053_0071_0102_0130_0130.jpg 1 71 102 130 130
b10/0054_0135_0130_0201_0201.jpg 1 135 130 201 201
b10/0055_0290_0071_0255_0255.jpg 1 290 71 255 255
b10/0056_0197_0084_0147_0147.jpg 1 197 84 147 147
b10/0057_0135_0154_0245_0245.jpg 1 135 154 245 245
b10/0058_0129_0332_0079_0079.jpg 1 129 332 79 79
b10/0059_0198_0275_0096_0096.jpg 1 198 275 96 96
b10/0060_0311_0080_0183_0183.jpg 1 311 80 183 183
b10/0061_0126_0144_0311_0311.jpg 1 126 144 311 311
b10/0062_0042_0376_0060_0060.jpg 1 42 376 60 60
b10/0063_0309_0104_0102_0102.jpg 1 309 104 102 102
b10/0064_0175_0145_0187_0187.jpg 1 175 145 187 187
b10/0065_0162_0204_0209_0209.jpg 1 162 204 209 209
b10/0066_0287_0047_0275_0275.jpg 1 287 47 275 275
b10/0067_0175_0048_0228_0228.jpg 1 175 48 228 228
b10/0068_0117_0167_0068_0068.jpg 1 117 167 68 68
b10/0069_0170_0275_0053_0053.jpg 1 170 275 53 53
b10/0070_0279_0232_0087_0087.jpg 1 279 232 87 87
b10/0071_0202_0194_0208_0208.jpg 1 202 194 208 208
b10/0072_0119_0229_0319_0319.jpg 1 119 229 319 319
b10/0073_0123_0154_0196_0196.jpg 1 123 154 196 196
b10/0074_0153_0039_0280_0280.jpg 1 153 39 280 280
b10/0075_0205_0064_0285_0285.jpg 1 205 64 285 285
b10/0076_0096_0078_0329_0329.jpg 1 96 78 329 329
b10/0077_0062_0110_0289_0289.jpg 1 62 110 289 289
b10/0078_0361_0057_0160_0160.jpg 1 361 57 160 160
b10/0079_0041_0119_0315_0315.jpg 1 41 119 315 315
b10/0080_0401_0075_0121_0121.jpg 1 401 75 121 121
b10/0081_0072_0403_0125_0125.jpg 1 72 403 125 125
b10/0082_0100_0112_0309_0309.jpg 1 100 112 309 309
b10/0083_0103_0110_0122_0122.jpg 1 103 110 122 122
b10/0084_0247_0133_0308_0308.jpg 1 247 133 308 308
b10/0085_0215_0072_0190_0190.jpg 1 215 72 190 190
b10/0086_0032_0205_0229_0229.jpg 1 32 205 229 229
b10/0087_0381_0220_0120_0120.jpg 1 381 220 120 120
b10/0088_0141_0193_0080_0080.jpg 1 141 193 80 80
b10/0089_0300_0150_0200_0200.jpg 1 300 150 200 200
b10/0090_0145_0108_0282_0282.jpg 1 145 108 282 282
b10/0091_0203_0155_0186_0186.jpg 1 203 155 186 186
b10/0092_0188_0058_0185_0185.jpg 1 188 58 185 185
b10/0093_0218_0104_0278_0278.jpg 1 218 104 278 278
b10/0094_0248_0097_0231_0231.jpg 1 248 97 231 231
b10/0095_0305_0074_0251_0251.jpg 1 305 74 251 251
b10/0096_0097_0065_0243_0243.jpg 1 97 65 243 243
b10/0097_0215_0100_0295_0295.jpg 1 215 100 295 295
b10/0098_0097_0073_0328_0328.jpg 1 97 73 328 328
b10/0099_0162_0229_0144_0144.jpg 1 162 229 144 144
b10/0100_0155_0148_0176_0176.jpg 1 155 148 176 176
b10/0101_0151_0180_0225_0225.jpg 1 151 180 225 225
b10/0102_0229_0274_0083_0083.jpg 1 229 274 83 83
b10/0103_0119_0072_0098_0098.jpg 1 119 72 98 98
b10/0104_0103_0084_0221_0221.jpg 1 103 84 221 221
b10/0105_0128_0077_0335_0335.jpg 1 128 77 335 335
b10/0106_0193_0179_0236_0236.jpg 1 193 179 236 236
b10/0107_0117_0137_0270_0270.jpg 1 117 137 270 270
b10/0108_0107_0286_0073_0073.jpg 1 107 286 73 73
b10/0109_0226_0059_0279_0279.jpg 1 226 59 279 279
b10/0110_0255_0255_0125_0125.jpg 1 255 255 125 125
b10/0111_0452_0200_0057_0057.jpg 1 452 200 57 57
b10/0112_0095_0317_0214_0214.jpg 1 95 317 214 214
b10/0113_0382_0077_0156_0156.jpg 1 382 77 156 156
b10/0114_0075_0064_0281_0281.jpg 1 75 64 281 281
b10/0115_0284_0243_0154_0154.jpg 1 284 243 154 154
b10/0116_0201_0070_0272_0272.jpg 1 201 70 272 272
b10/0117_0079_0254_0069_0069.jpg 1 79 254 69 69
b10/0118_0164_0257_0153_0153.jpg 1 164 257 153 153
b10/0119_0052_0207_0257_0257.jpg 1 52 207 257 257
b10/0120_0043_0178_0264_0264.jpg 1 43 178 264 264
b10/0121_0132_0103_0220_0220.jpg 1 132 103 220 220
b10/0122_0061_0129_0281_0281.jpg 1 61 129 281 281
b10/0123_0149_0187_0262_0262.jpg 1 149 187 262 262
b10/0124_0205_0060_0120_0120.jpg 1 205 60 120 120
b10/0125_0123_0045_0204_0204.jpg 1 123 45 204 204
b10/0126_0194_0424_0078_0078.jpg 1 194 424 78 78
b10/0127_0223_0210_0145_0145.jpg 1 223 210 145 145
b10/0128_0120_0177_0190_0190.jpg 1 120 177 190 190
b10/0129_0376_0267_0136_0136.jpg 1 376 267 136 136
b10/0130_0323_0043_0152_0152.jpg 1 323 43 152 152
b10/0131_0127_0062_0309_0309.jpg 1 127 62 309 309
b10/0132_0255_0131_0167_0167.jpg 1 255 131 167 167
b10/0133_0369_0267_0139_0139.jpg 1 369 267 139 139
b10/0134_0302_0108_0191_0191.jpg 1 302 108 191 191
b10/0135_0444_0263_0072_0072.jpg 1 444 263 72 72
b10/0136_0396_0234_0101_0101.jpg 1 396 234 101 101
b10/0137_0399_0108_0101_0101.jpg 1 399 108 101 101
b10/0138_0259_0129_0112_0112.jpg 1 259 129 112 112
b10/0139_0227_0257_0182_0182.jpg 1 227 257 182 182
b10/0140_0067_0283_0073_0073.jpg 1 67 283 73 73
b10/0141_0205_0090_0180_0180.jpg 1 205 90 180 180
b10/0142_0177_0051_0254_0254.jpg 1 177 51 254 254
b10/0143_0384_0147_0099_0099.jpg 1 384 147 99 99
b10/0144_0260_0079_0138_0138.jpg 1 260 79 138 138
b10/0145_0186_0170_0189_0189.jpg 1 186 170 189 189
b10/0146_0076_0067_0324_0324.jpg 1 76 67 324 324
b10/0147_0098_0214_0315_0315.jpg 1 98 214 315 315
b10/0148_0203_0057_0206_0206.jpg 1 203 57 206 206
b10/0149_0292_0223_0153_0153.jpg 1 292 223 153 153
b10/0150_0141_0122_0121_0121.jpg 1 141 122 121 121
b10/0151_0288_0367_0114_0114.jpg 1 288 367 114 114
b10/0152_0035_0063_0240_0240.jpg 1 35 63 240 240
b10/0153_0301_0077_0171_0171.jpg 1 301 77 171 171
b10/0154_0213_0047_0300_0300.jpg 1 213 47 300 300
b10/0155_0184_0234_0242_0242.jpg 1 184 234 242 242
b10/0156_0134_0099_0268_0268.jpg 1 134 99 268 268
b10/0157_0090_0057_0257_0257.jpg 1 90 57 257 257
b10/0158_0140_0021_0309_0309.jpg 1 140 21 309 309
b10/0159_0352_0251_0162_0162.jpg 1 352 251 162 162
b10/0160_0194_0127_0150_0150.jpg 1 194 127 150 150
b10/0161_0117_0140_0067_0067.jpg 1 117 140 67 67
b10/0162_0113_0199_0066_0066.jpg 1 113 199 66 66
b10/0163_0265_0090_0266_0266.jpg 1 265 90 266 266
b10/0164_0073_0039_0236_0236.jpg 1 73 39 236 236
b10/0165_0073_0199_0208_0208.jpg 1 73 199 208 208
b10/0166_0356_0083_0115_0115.jpg 1 356 83 115 115
b10/0167_0230_0298_0072_0072.jpg 1 230 298 72 72
b10/0168_0133_0161_0079_0079.jpg 1 133 161 79 79
b10/0169_0236_0280_0057_0057.jpg 1 236 280 57 57
b10/0170_0088_0024_0249_0249.jpg 1 88 24 249 249
b10/0171_0106_0084_0235_0235.jpg 1 106 84 235 235
b10/0172_0309_0173_0113_0113.jpg 1 309 173 113 113
b10/0173_0044_0038_0267_0267.jpg 1 44 38 267 267
b10/0174_0287_0238_0093_0093.jpg 1 287 238 93 93
b10/0175_0089_0089_0326_0326.jpg 1 89 89 326 326
b10/0176_0122_0081_0108_0108.jpg 1 122 81 108 108
b10/0177_0395_0132_0107_0107.jpg 1 395 132 107 107
b10/0178_0261_0331_0135_0135.jpg 1 261 331 135 135
b10/0179_0107_0142_0216_0216.jpg 1 107 142 216 216
b10/0180_0059_0310_0070_0070.jpg 1 59 310 70 70
b10/0181_0237_0167_0143_0143.jpg 1 237 167 143 143
b10/0182_0038_0134_0335_0335.jpg 1 38 134 335 335
b10/0183_0200_0159_0057_0057.jpg 1 200 159 57 57
b10/0184_0038_0037_0160_0160.jpg 1 38 37 160 160
b10/0185_0068_0220_0222_0222.jpg 1 68 220 222 222
b10/0186_0089_0077_0152_0152.jpg 1 89 77 152 152
b10/0187_0182_0169_0224_0224.jpg 1 182 169 224 224
b10/0188_0083_0117_0271_0271.jpg 1 83 117 271 271
b10/0189_0092_0291_0125_0125.jpg 1 92 291 125 125
b10/0190_0137_0297_0090_0090.jpg 1 137 297 90 90
b10/0191_0226_0154_0270_0270.jpg 1 226 154 270 270
b10/0192_0149_0120_0128_0128.jpg 1 149 120 128 128
b10/0193_0117_0033_0317_0317.jpg 1 117 33 317 317
b10/0194_0167_0063_0335_0335.jpg 1 167 63 335 335
b10/0195_0096_0134_0084_0084.jpg 1 96 134 84 84
b10/0196_0125_0226_0306_0306.jpg 1 125 226 306 306
b10/0197_0102_0084_0145_0145.jpg 1 102 84 145 145
b1/0198_0298_0214_0193_0193.jpg 1 298 214 193 193
b1/0199_0313_0147_0193_0193.jpg 1 313 147 193 193
b1/0200_0063_0056_0265_0265.jpg 1 63 56 265 265
b2/0001_0093_0053_0279_0279.jpg 1 93 53 279 279
b2/0002_0092_0171_0164_0164.jpg 1 92 171 164 164
b2/0003_0168_0060_0222_0222.jpg 1 168 60 222 222
b2/0004_0118_0033_0261_0261.jpg 1 118 33 261 261
b2/0005_0119_0147_0211_0211.jpg 1 119 147 211 211
b2/0006_0275_0033_0195_0195.jpg 1 275 33 195 195
b2/0007_0060_0228_0309_0309.jpg 1 60 228 309 309
b2/0008_0371_0236_0100_0100.jpg 1 371 236 100 100
b2/0009_0207_0082_0302_0302.jpg 1 207 82 302 302
b2/0010_0255_0109_0285_0285.jpg 1 255 109 285 285
b2/0011_0082_0235_0239_0239.jpg 1 82 235 239 239
b2/0012_0110_0135_0242_0242.jpg 1 110 135 242 242
b2/0013_0320_0208_0049_0049.jpg 1 320 208 49 49
b2/0014_0232_0062_0097_0097.jpg 1 232 62 97 97
b2/0015_0336_0069_0163_0163.jpg 1 336 69 163 163
b2/0016_0266_0223_0095_0095.jpg 1 266 223 95 95
b2/0017_0175_0026_0332_0332.jpg 1 175 26 332 332
b2/0018_0099_0102_0269_0269.jpg 1 99 102 269 269
b2/0019_0249_0247_0089_0089.jpg 1 249 247 89 89
b2/0020_0244_0061_0328_0328.jpg 1 244 61 328 328
b2/0021_0070_0143_0297_0297.jpg 1 70 143 297 297
b2/0022_0208_0087_0105_0105.jpg 1 208 87 105 105
b2/0023_0117_0094_0185_0185.jpg 1 117 94 185 185
b2/0024_0126_0124_0321_0321.jpg 1 126 124 321 321
b2/0025_0095_0137_0297_0297.jpg 1 95 137 297 297
b2/0026_0101_0074_0302_0302.jpg 1 101 74 302 302
b2/0027_0084_0058_0067_0067.jpg 1 84 58 67 67
b2/0028_0068_0099_0305_0305.jpg 1 68 99 305 305
b2/0029_0167_0153_0284_0284.jpg 1 167 153 284 284
b2/0030_0154_0048_0216_0216.jpg 1 154 48 216 216
b2/0031_0251_0064_0317_0317.jpg 1 251 64 317 317
b2/0032_0157_0133_0258_0258.jpg 1 157 133 258 258
b2/0033_0180_0021_0301_0301.jpg 1 180 21 301 301
b2/0034_0312_0217_0206_0206.jpg 1 312 217 206 206
b2/0035_0352_0228_0151_0151.jpg 1 352 228 151 151
b2/0036_0154_0072_0303_0303.jpg 1 154 72 303 303
b2/0037_0066_0134_0267_0267.jpg 1 66 134 267 267
b2/0038_0202_0096_0297_0297.jpg 1 202 96 297 297
b2/0039_0203_0119_0228_0228.jpg 1 203 119 228 228
b2/0040_0076_0085_0080_0080.jpg 1 76 85 80 80
b2/0041_0320_0081_0207_0207.jpg 1 320 81 207 207
b2/0042_0074_0046_0245_0245.jpg 1 74 46 245 245
b2/0043_0112_0052_0107_0107.jpg 1 112 52 107 107
b2/0044_0189_0028_0255_0255.jpg 1 189 28 255 255
b2/0045_0082_0156_0206_0206.jpg 1 82 156 206 206
b2/0046_0078_0219_0176_0176.jpg 1 78 219 176 176
b2/0047_0134_0092_0325_0325.jpg 1 134 92 325 325
b2/0048_0373_0150_0089_0089.jpg 1 373 150 89 89
b2/0049_0399_0333_0048_0048.jpg 1 399 333 48 48
b2/0050_0272_0179_0232_0232.jpg 1 272 179 232 232
b2/0051_0058_0309_0054_0054.jpg 1 58 309 54 54
b2/0052_0339_0050_0139_0139.jpg 1 339 50 139 139
b2/0053_0071_0102_0130_0130.jpg 1 71 102 130 130
b2/0054_0135_0130_0201_0201.jpg 1 135 130 201 201
b2/0055_0290_0071_0255_0255.jpg 1 290 71 255 255
b2/0056_0197_0084_0147_0147.jpg 1 197 84 147 147
b2/0057_0135_0154_0245_0245.jpg 1 135 154 245 245
b2/0058_0129_0332_0079_0079.jpg 1 129 332 79 79
b2/0059_0198_0275_0096_0096.jpg 1 198 275 96 96
b2/0060_0311_0080_0183_0183.jpg 1 311 80 183 183
b2/0061_0126_0144_0311_0311.jpg 1 126 144 311 311
b2/0062_0042_0376_0060_0060.jpg 1 42 376 60 60
b2/0063_0309_0104_0102_0102.jpg 1 309 104 102 102
b2/0064_0175_0145_0187_0187.jpg 1 175 145 187 187
b2/0065_0162_0204_0209_0209.jpg 1 162 204 209 209
b2/0066_0287_0047_0275_0275.jpg 1 287 47 275 275
b2/0067_0175_0048_0228_0228.jpg 1 175 48 228 228
b2/0068_0117_0167_0068_0068.jpg 1 117 167 68 68
b2/0069_0170_0275_0053_0053.jpg 1 170 275 53 53
b2/0070_0279_0232_0087_0087.jpg 1 279 232 87 87
b2/0071_0202_0194_0208_0208.jpg 1 202 194 208 208
b2/0072_0119_0229_0319_0319.jpg 1 119 229 319 319
b2/0073_0123_0154_0196_0196.jpg 1 123 154 196 196
b2/0074_0153_0039_0280_0280.jpg 1 153 39 280 280
b2/0075_0205_0064_0285_0285.jpg 1 205 64 285 285
b2/0076_0096_0078_0329_0329.jpg 1 96 78 329 329
b2/0077_0062_0110_0289_0289.jpg 1 62 110 289 289
b2/0078_0361_0057_0160_0160.jpg 1 361 57 160 160
b2/0079_0041_0119_0315_0315.jpg 1 41 119 315 315
b2/0080_0401_0075_0121_0121.jpg 1 401 75 121 121
b2/0081_0072_0403_0125_0125.jpg 1 72 403 125 125
b2/0082_0100_0112_0309_0309.jpg 1 100 112 309 309
b2/0083_0103_0110_0122_0122.jpg 1 103 110 122 122
b2/0084_0247_0133_0308_0308.jpg 1 247 133 308 308
b2/0085_0215_0072_0190_0190.jpg 1 215 72 190 190
b2/0086_0032_0205_0229_0229.jpg 1 32 205 229 229
b2/0087_0381_0220_0120_0120.jpg 1 381 220 120 120
b2/0088_0141_0193_0080_0080.jpg 1 141 193 80 80
b2/0089_0300_0150_0200_0200.jpg 1 300 150 200 200
b2/0090_0145_0108_0282_0282.jpg 1 145 108 282 282
b2/0091_0203_0155_0186_0186.jpg 1 203 155 186 186
b2/0092_0188_0058_0185_0185.jpg 1 188 58 185 185
b2/0093_0218_0104_0278_0278.jpg 1 218 104 278 278
b2/0094_0248_0097_0231_0231.jpg 1 248 97 231 231
b2/0095_0305_0074_0251_0251.jpg 1 305 74 251 251
b2/0096_0097_0065_0243_0243.jpg 1 97 65 243 243
b2/0097_0215_0100_0295_0295.jpg 1 215 100 295 295
b2/0098_0097_0073_0328_0328.jpg 1 97 73 328 328
b2/0099_0162_0229_0144_0144.jpg 1 162 229 144 144
b2/0100_0155_0148_0176_0176.jpg 1 155 148 176 176
b2/0101_0151_0180_0225_0225.jpg 1 151 180 225 225
b2/0102_0229_0274_0083_0083.jpg 1 229 274 83 83
b2/0103_0119_0072_0098_0098.jpg 1 119 72 98 98
b2/0104_0103_0084_0221_0221.jpg 1 103 84 221 221
b2/0105_0128_0077_0335_0335.jpg 1 128 77 335 335
b2/0106_0193_0179_0236_0236.jpg 1 193 179 236 236
b2/0107_0117_0137_0270_0270.jpg 1 117 137 270 270
b2/0108_0107_0286_0073_0073.jpg 1 107 286 73 73
b2/0109_0226_0059_0279_0279.jpg 1 226 59 279 279
b2/0110_0255_0255_0125_0125.jpg 1 255 255 125 125
b2/0111_0452_0200_0057_0057.jpg 1 452 200 57 57
b2/0112_0095_0317_0214_0214.jpg 1 95 317 214 214
b2/0113_0382_0077_0156_0156.jpg 1 382 77 156 156
b2/0114_0075_0064_0281_0281.jpg 1 75 64 281 281
b2/0115_0284_0243_0154_0154.jpg 1 284 243 154 154
b2/0116_0201_0070_0272_0272.jpg 1 201 70 272 272
b2/0117_0079_0254_0069_0069.jpg 1 79 254 69 69
b2/0118_0164_0257_0153_0153.jpg 1 164 257 153 153
b2/0119_0052_0207_0257_0257.jpg 1 52 207 257 257
b2/0120_0043_0178_0264_0264.jpg 1 43 178 264 264
b2/0121_0132_0103_0220_0220.jpg 1 132 103 220 220
b2/0122_0061_0129_0281_0281.jpg 1 61 129 281 281
b2/0123_0149_0187_0262_0262.jpg 1 149 187 262 262
b2/0124_0205_0060_0120_0120.jpg 1 205 60 120 120
b2/0125_0123_0045_0204_0204.jpg 1 123 45 204 204
b2/0126_0194_0424_0078_0078.jpg 1 194 424 78 78
b2/0127_0223_0210_0145_0145.jpg 1 223 210 145 145
b2/0128_0120_0177_0190_0190.jpg 1 120 177 190 190
b2/0129_0376_0267_0136_0136.jpg 1 376 267 136 136
b2/0130_0323_0043_0152_0152.jpg 1 323 43 152 152
b2/0131_0127_0062_0309_0309.jpg 1 127 62 309 309
b2/0132_0255_0131_0167_0167.jpg 1 255 131 167 167
b2/0133_0369_0267_0139_0139.jpg 1 369 267 139 139
b2/0134_0302_0108_0191_0191.jpg 1 302 108 191 191
b2/0135_0444_0263_0072_0072.jpg 1 444 263 72 72
b2/0136_0396_0234_0101_0101.jpg 1 396 234 101 101
b2/0137_0399_0108_0101_0101.jpg 1 399 108 101 101
b2/0138_0259_0129_0112_0112.jpg 1 259 129 112 112
b2/0139_0227_0257_0182_0182.jpg 1 227 257 182 182
b2/0140_0067_0283_0073_0073.jpg 1 67 283 73 73
b2/0141_0205_0090_0180_0180.jpg 1 205 90 180 180
b2/0142_0177_0051_0254_0254.jpg 1 177 51 254 254
b2/0143_0384_0147_0099_0099.jpg 1 384 147 99 99
b2/0144_0260_0079_0138_0138.jpg 1 260 79 138 138
b2/0145_0186_0170_0189_0189.jpg 1 186 170 189 189
b2/0146_0076_0067_0324_0324.jpg 1 76 67 324 324
b2/0147_0098_0214_0315_0315.jpg 1 98 214 315 315
b2/0148_0203_0057_0206_0206.jpg 1 203 57 206 206
b2/0149_0292_0223_0153_0153.jpg 1 292 223 153 153
b2/0150_0141_0122_0121_0121.jpg 1 141 122 121 121
b2/0151_0288_0367_0114_0114.jpg 1 288 367 114 114
b2/0152_0035_0063_0240_0240.jpg 1 35 63 240 240
b2/0153_0301_0077_0171_0171.jpg 1 301 77 171 171
b2/0154_0213_0047_0300_0300.jpg 1 213 47 300 300
b2/0155_0184_0234_0242_0242.jpg 1 184 234 242 242
b2/0156_0134_0099_0268_0268.jpg 1 134 99 268 268
b2/0157_0090_0057_0257_0257.jpg 1 90 57 257 257
b2/0158_0140_0021_0309_0309.jpg 1 140 21 309 309
b2/0159_0352_0251_0162_0162.jpg 1 352 251 162 162
b2/0160_0194_0127_0150_0150.jpg 1 194 127 150 150
b2/0161_0117_0140_0067_0067.jpg 1 117 140 67 67
b2/0162_0113_0199_0066_0066.jpg 1 113 199 66 66
b2/0163_0265_0090_0266_0266.jpg 1 265 90 266 266
b2/0164_0073_0039_0236_0236.jpg 1 73 39 236 236
b2/0165_0073_0199_0208_0208.jpg 1 73 199 208 208
b2/0166_0356_0083_0115_0115.jpg 1 356 83 115 115
b2/0167_0230_0298_0072_0072.jpg 1 230 298 72 72
b2/0168_0133_0161_0079_0079.jpg 1 133 161 79 79
b2/0169_0236_0280_0057_0057.jpg 1 236 280 57 57
b2/0170_0088_0024_0249_0249.jpg 1 88 24 249 249
b2/0171_0106_0084_0235_0235.jpg 1 106 84 235 235
b2/0172_0309_0173_0113_0113.jpg 1 309 173 113 113
b2/0173_0044_0038_0267_0267.jpg 1 44 38 267 267
b2/0174_0287_0238_0093_0093.jpg 1 287 238 93 93
b2/0175_0089_0089_0326_0326.jpg 1 89 89 326 326
b2/0176_0122_0081_0108_0108.jpg 1 122 81 108 108
b2/0177_0395_0132_0107_0107.jpg 1 395 132 107 107
b2/0178_0261_0331_0135_0135.jpg 1 261 331 135 135
b2/0179_0107_0142_0216_0216.jpg 1 107 142 216 216
b2/0180_0059_0310_0070_0070.jpg 1 59 310 70 70
b2/0181_0237_0167_0143_0143.jpg 1 237 167 143 143
b2/0182_0038_0134_0335_0335.jpg 1 38 134 335 335
b2/0183_0200_0159_0057_0057.jpg 1 200 159 57 57
b2/0184_0038_0037_0160_0160.jpg 1 38 37 160 160
b2/0185_0068_0220_0222_0222.jpg 1 68 220 222 222
b2/0186_0089_0077_0152_0152.jpg 1 89 77 152 152
b2/0187_0182_0169_0224_0224.jpg 1 182 169 224 224
b2/0188_0083_0117_0271_0271.jpg 1 83 117 271 271
b2/0189_0092_0291_0125_0125.jpg 1 92 291 125 125
b2/0190_0137_0297_0090_0090.jpg 1 137 297 90 90
b2/0194_0167_0063_0335_0335.jpg 1 167 63 335 335
b2/0191_0226_0154_0270_0270.jpg 1 226 154 270 270
b2/0192_0149_0120_0128_0128.jpg 1 149 120 128 128
b2/0193_0117_0033_0317_0317.jpg 1 117 33 317 317
b2/0195_0096_0134_0084_0084.jpg 1 96 134 84 84
b2/0196_0125_0226_0306_0306.jpg 1 125 226 306 306
b2/0197_0102_0084_0145_0145.jpg 1 102 84 145 145
b2/0198_0298_0214_0193_0193.jpg 1 298 214 193 193
b2/0199_0313_0147_0193_0193.jpg 1 313 147 193 193
b2/0200_0063_0056_0265_0265.jpg 1 63 56 265 265
b3/0001_0093_0053_0279_0279.jpg 1 93 53 279 279
b3/0002_0092_0171_0164_0164.jpg 1 92 171 164 164
b3/0003_0168_0060_0222_0222.jpg 1 168 60 222 222
b3/0004_0118_0033_0261_0261.jpg 1 118 33 261 261
b3/0005_0119_0147_0211_0211.jpg 1 119 147 211 211
b3/0006_0275_0033_0195_0195.jpg 1 275 33 195 195
b3/0007_0060_0228_0309_0309.jpg 1 60 228 309 309
b3/0008_0371_0236_0100_0100.jpg 1 371 236 100 100
b3/0009_0207_0082_0302_0302.jpg 1 207 82 302 302
b3/0010_0255_0109_0285_0285.jpg 1 255 109 285 285
b3/0011_0082_0235_0239_0239.jpg 1 82 235 239 239
b3/0012_0110_0135_0242_0242.jpg 1 110 135 242 242
b3/0013_0320_0208_0049_0049.jpg 1 320 208 49 49
b3/0014_0232_0062_0097_0097.jpg 1 232 62 97 97
b3/0015_0336_0069_0163_0163.jpg 1 336 69 163 163
b3/0016_0266_0223_0095_0095.jpg 1 266 223 95 95
b3/0017_0175_0026_0332_0332.jpg 1 175 26 332 332
b3/0018_0099_0102_0269_0269.jpg 1 99 102 269 269
b3/0019_0249_0247_0089_0089.jpg 1 249 247 89 89
b3/0020_0244_0061_0328_0328.jpg 1 244 61 328 328
b3/0021_0070_0143_0297_0297.jpg 1 70 143 297 297
b3/0022_0208_0087_0105_0105.jpg 1 208 87 105 105
b3/0023_0117_0094_0185_0185.jpg 1 117 94 185 185
b3/0024_0126_0124_0321_0321.jpg 1 126 124 321 321
b3/0025_0095_0137_0297_0297.jpg 1 95 137 297 297
b3/0026_0101_0074_0302_0302.jpg 1 101 74 302 302
b3/0027_0084_0058_0067_0067.jpg 1 84 58 67 67
b3/0028_0068_0099_0305_0305.jpg 1 68 99 305 305
b3/0029_0167_0153_0284_0284.jpg 1 167 153 284 284
b3/0030_0154_0048_0216_0216.jpg 1 154 48 216 216
b3/0031_0251_0064_0317_0317.jpg 1 251 64 317 317
b3/0032_0157_0133_0258_0258.jpg 1 157 133 258 258
b3/0033_0180_0021_0301_0301.jpg 1 180 21 301 301
b3/0034_0312_0217_0206_0206.jpg 1 312 217 206 206
b3/0035_0352_0228_0151_0151.jpg 1 352 228 151 151
b3/0036_0154_0072_0303_0303.jpg 1 154 72 303 303
b3/0037_0066_0134_0267_0267.jpg 1 66 134 267 267
b3/0038_0202_0096_0297_0297.jpg 1 202 96 297 297
b3/0039_0203_0119_0228_0228.jpg 1 203 119 228 228
b3/0040_0076_0085_0080_0080.jpg 1 76 85 80 80
b3/0041_0320_0081_0207_0207.jpg 1 320 81 207 207
b3/0042_0074_0046_0245_0245.jpg 1 74 46 245 245
b3/0043_0112_0052_0107_0107.jpg 1 112 52 107 107
b3/0044_0189_0028_0255_0255.jpg 1 189 28 255 255
b3/0045_0082_0156_0206_0206.jpg 1 82 156 206 206
b3/0046_0078_0219_0176_0176.jpg 1 78 219 176 176
b3/0047_0134_0092_0325_0325.jpg 1 134 92 325 325
b3/0048_0373_0150_0089_0089.jpg 1 373 150 89 89
b3/0049_0399_0333_0048_0048.jpg 1 399 333 48 48
b3/0050_0272_0179_0232_0232.jpg 1 272 179 232 232
b3/0051_0058_0309_0054_0054.jpg 1 58 309 54 54
b3/0052_0339_0050_0139_0139.jpg 1 339 50 139 139
b3/0053_0071_0102_0130_0130.jpg 1 71 102 130 130
b3/0054_0135_0130_0201_0201.jpg 1 135 130 201 201
b3/0055_0290_0071_0255_0255.jpg 1 290 71 255 255
b3/0056_0197_0084_0147_0147.jpg 1 197 84 147 147
b3/0057_0135_0154_0245_0245.jpg 1 135 154 245 245
b3/0058_0129_0332_0079_0079.jpg 1 129 332 79 79
b3/0059_0198_0275_0096_0096.jpg 1 198 275 96 96
b3/0060_0311_0080_0183_0183.jpg 1 311 80 183 183
b3/0061_0126_0144_0311_0311.jpg 1 126 144 311 311
b3/0062_0042_0376_0060_0060.jpg 1 42 376 60 60
b3/0063_0309_0104_0102_0102.jpg 1 309 104 102 102
b3/0064_0175_0145_0187_0187.jpg 1 175 145 187 187
b3/0065_0162_0204_0209_0209.jpg 1 162 204 209 209
b3/0066_0287_0047_0275_0275.jpg 1 287 47 275 275
b3/0067_0175_0048_0228_0228.jpg 1 175 48 228 228
b3/0068_0117_0167_0068_0068.jpg 1 117 167 68 68
b3/0069_0170_0275_0053_0053.jpg 1 170 275 53 53
b3/0070_0279_0232_0087_0087.jpg 1 279 232 87 87
b3/0071_0202_0194_0208_0208.jpg 1 202 194 208 208
b3/0072_0119_0229_0319_0319.jpg 1 119 229 319 319
b3/0073_0123_0154_0196_0196.jpg 1 123 154 196 196
b3/0074_0153_0039_0280_0280.jpg 1 153 39 280 280
b3/0075_0205_0064_0285_0285.jpg 1 205 64 285 285
b3/0076_0096_0078_0329_0329.jpg 1 96 78 329 329
b3/0077_0062_0110_0289_0289.jpg 1 62 110 289 289
b3/0078_0361_0057_0160_0160.jpg 1 361 57 160 160
b3/0079_0041_0119_0315_0315.jpg 1 41 119 315 315
b3/0080_0401_0075_0121_0121.jpg 1 401 75 121 121
b3/0081_0072_0403_0125_0125.jpg 1 72 403 125 125
b3/0082_0100_0112_0309_0309.jpg 1 100 112 309 309
b3/0083_0103_0110_0122_0122.jpg 1 103 110 122 122
b3/0084_0247_0133_0308_0308.jpg 1 247 133 308 308
b3/0085_0215_0072_0190_0190.jpg 1 215 72 190 190
b3/0086_0032_0205_0229_0229.jpg 1 32 205 229 229
b3/0087_0381_0220_0120_0120.jpg 1 381 220 120 120
b3/0088_0141_0193_0080_0080.jpg 1 141 193 80 80
b3/0089_0300_0150_0200_0200.jpg 1 300 150 200 200
b3/0090_0145_0108_0282_0282.jpg 1 145 108 282 282
b3/0091_0203_0155_0186_0186.jpg 1 203 155 186 186
b3/0092_0188_0058_0185_0185.jpg 1 188 58 185 185
b3/0093_0218_0104_0278_0278.jpg 1 218 104 278 278
b3/0094_0248_0097_0231_0231.jpg 1 248 97 231 231
b3/0095_0305_0074_0251_0251.jpg 1 305 74 251 251
b3/0096_0097_0065_0243_0243.jpg 1 97 65 243 243
b3/0097_0215_0100_0295_0295.jpg 1 215 100 295 295
b3/0098_0097_0073_0328_0328.jpg 1 97 73 328 328
b3/0099_0162_0229_0144_0144.jpg 1 162 229 144 144
b3/0100_0155_0148_0176_0176.jpg 1 155 148 176 176
b3/0101_0151_0180_0225_0225.jpg 1 151 180 225 225
b3/0102_0229_0274_0083_0083.jpg 1 229 274 83 83
b3/0103_0119_0072_0098_0098.jpg 1 119 72 98 98
b3/0104_0103_0084_0221_0221.jpg 1 103 84 221 221
b3/0105_0128_0077_0335_0335.jpg 1 128 77 335 335
b3/0106_0193_0179_0236_0236.jpg 1 193 179 236 236
b3/0107_0117_0137_0270_0270.jpg 1 117 137 270 270
b3/0108_0107_0286_0073_0073.jpg 1 107 286 73 73
b3/0109_0226_0059_0279_0279.jpg 1 226 59 279 279
b3/0110_0255_0255_0125_0125.jpg 1 255 255 125 125
b3/0111_0452_0200_0057_0057.jpg 1 452 200 57 57
b3/0112_0095_0317_0214_0214.jpg 1 95 317 214 214
b3/0113_0382_0077_0156_0156.jpg 1 382 77 156 156
b3/0114_0075_0064_0281_0281.jpg 1 75 64 281 281
b3/0115_0284_0243_0154_0154.jpg 1 284 243 154 154
b3/0116_0201_0070_0272_0272.jpg 1 201 70 272 272
b3/0117_0079_0254_0069_0069.jpg 1 79 254 69 69
b3/0118_0164_0257_0153_0153.jpg 1 164 257 153 153
b3/0119_0052_0207_0257_0257.jpg 1 52 207 257 257
b3/0120_0043_0178_0264_0264.jpg 1 43 178 264 264
b3/0121_0132_0103_0220_0220.jpg 1 132 103 220 220
b3/0122_0061_0129_0281_0281.jpg 1 61 129 281 281
b3/0123_0149_0187_0262_0262.jpg 1 149 187 262 262
b3/0124_0205_0060_0120_0120.jpg 1 205 60 120 120
b3/0125_0123_0045_0204_0204.jpg 1 123 45 204 204
b3/0126_0194_0424_0078_0078.jpg 1 194 424 78 78
b3/0127_0223_0210_0145_0145.jpg 1 223 210 145 145
b3/0128_0120_0177_0190_0190.jpg 1 120 177 190 190
b3/0129_0376_0267_0136_0136.jpg 1 376 267 136 136
b3/0130_0323_0043_0152_0152.jpg 1 323 43 152 152
b3/0131_0127_0062_0309_0309.jpg 1 127 62 309 309
b3/0132_0255_0131_0167_0167.jpg 1 255 131 167 167
b3/0133_0369_0267_0139_0139.jpg 1 369 267 139 139
b3/0134_0302_0108_0191_0191.jpg 1 302 108 191 191
b3/0135_0444_0263_0072_0072.jpg 1 444 263 72 72
b3/0136_0396_0234_0101_0101.jpg 1 396 234 101 101
b3/0137_0399_0108_0101_0101.jpg 1 399 108 101 101
b3/0138_0259_0129_0112_0112.jpg 1 259 129 112 112
b3/0139_0227_0257_0182_0182.jpg 1 227 257 182 182
b3/0140_0067_0283_0073_0073.jpg 1 67 283 73 73
b3/0141_0205_0090_0180_0180.jpg 1 205 90 180 180
b3/0142_0177_0051_0254_0254.jpg 1 177 51 254 254
b3/0143_0384_0147_0099_0099.jpg 1 384 147 99 99
b3/0144_0260_0079_0138_0138.jpg 1 260 79 138 138
b3/0145_0186_0170_0189_0189.jpg 1 186 170 189 189
b3/0146_0076_0067_0324_0324.jpg 1 76 67 324 324
b3/0147_0098_0214_0315_0315.jpg 1 98 214 315 315
b3/0148_0203_0057_0206_0206.jpg 1 203 57 206 206
b3/0149_0292_0223_0153_0153.jpg 1 292 223 153 153
b3/0150_0141_0122_0121_0121.jpg 1 141 122 121 121
b3/0151_0288_0367_0114_0114.jpg 1 288 367 114 114
b3/0152_0035_0063_0240_0240.jpg 1 35 63 240 240
b3/0153_0301_0077_0171_0171.jpg 1 301 77 171 171
b3/0154_0213_0047_0300_0300.jpg 1 213 47 300 300
b3/0155_0184_0234_0242_0242.jpg 1 184 234 242 242
b3/0156_0134_0099_0268_0268.jpg 1 134 99 268 268
b3/0157_0090_0057_0257_0257.jpg 1 90 57 257 257
b3/0158_0140_0021_0309_0309.jpg 1 140 21 309 309
b3/0159_0352_0251_0162_0162.jpg 1 352 251 162 162
b3/0160_0194_0127_0150_0150.jpg 1 194 127 150 150
b3/0161_0117_0140_0067_0067.jpg 1 117 140 67 67
b3/0162_0113_0199_0066_0066.jpg 1 113 199 66 66
b3/0163_0265_0090_0266_0266.jpg 1 265 90 266 266
b3/0164_0073_0039_0236_0236.jpg 1 73 39 236 236
b3/0165_0073_0199_0208_0208.jpg 1 73 199 208 208
b3/0166_0356_0083_0115_0115.jpg 1 356 83 115 115
b3/0167_0230_0298_0072_0072.jpg 1 230 298 72 72
b3/0168_0133_0161_0079_0079.jpg 1 133 161 79 79
b3/0169_0236_0280_0057_0057.jpg 1 236 280 57 57
b3/0170_0088_0024_0249_0249.jpg 1 88 24 249 249
b3/0171_0106_0084_0235_0235.jpg 1 106 84 235 235
b3/0172_0309_0173_0113_0113.jpg 1 309 173 113 113
b3/0173_0044_0038_0267_0267.jpg 1 44 38 267 267
b3/0174_0287_0238_0093_0093.jpg 1 287 238 93 93
b3/0175_0089_0089_0326_0326.jpg 1 89 89 326 326
b3/0176_0122_0081_0108_0108.jpg 1 122 81 108 108
b3/0177_0395_0132_0107_0107.jpg 1 395 132 107 107
b3/0178_0261_0331_0135_0135.jpg 1 261 331 135 135
b3/0179_0107_0142_0216_0216.jpg 1 107 142 216 216
b3/0180_0059_0310_0070_0070.jpg 1 59 310 70 70
b3/0181_0237_0167_0143_0143.jpg 1 237 167 143 143
b3/0182_0038_0134_0335_0335.jpg 1 38 134 335 335
b3/0183_0200_0159_0057_0057.jpg 1 200 159 57 57
b3/0184_0038_0037_0160_0160.jpg 1 38 37 160 160
b3/0185_0068_0220_0222_0222.jpg 1 68 220 222 222
b3/0186_0089_0077_0152_0152.jpg 1 89 77 152 152
b3/0187_0182_0169_0224_0224.jpg 1 182 169 224 224
b3/0188_0083_0117_0271_0271.jpg 1 83 117 271 271
b3/0189_0092_0291_0125_0125.jpg 1 92 291 125 125
b3/0190_0137_0297_0090_0090.jpg 1 137 297 90 90
b3/0191_0226_0154_0270_0270.jpg 1 226 154 270 270
b3/0192_0149_0120_0128_0128.jpg 1 149 120 128 128
b3/0193_0117_0033_0317_0317.jpg 1 117 33 317 317
b3/0194_0167_0063_0335_0335.jpg 1 167 63 335 335
b3/0195_0096_0134_0084_0084.jpg 1 96 134 84 84
b3/0196_0125_0226_0306_0306.jpg 1 125 226 306 306
b3/0197_0102_0084_0145_0145.jpg 1 102 84 145 145
b3/0198_0298_0214_0193_0193.jpg 1 298 214 193 193
b3/0199_0313_0147_0193_0193.jpg 1 313 147 193 193
b3/0200_0063_0056_0265_0265.jpg 1 63 56 265 265
b4/0001_0093_0053_0279_0279.jpg 1 93 53 279 279
b4/0002_0092_0171_0164_0164.jpg 1 92 171 164 164
b4/0003_0168_0060_0222_0222.jpg 1 168 60 222 222
b4/0004_0118_0033_0261_0261.jpg 1 118 33 261 261
b4/0005_0119_0147_0211_0211.jpg 1 119 147 211 211
b4/0006_0275_0033_0195_0195.jpg 1 275 33 195 195
b4/0007_0060_0228_0309_0309.jpg 1 60 228 309 309
b4/0008_0371_0236_0100_0100.jpg 1 371 236 100 100
b4/0009_0207_0082_0302_0302.jpg 1 207 82 302 302
b4/0010_0255_0109_0285_0285.jpg 1 255 109 285 285
b4/0011_0082_0235_0239_0239.jpg 1 82 235 239 239
b4/0012_0110_0135_0242_0242.jpg 1 110 135 242 242
b4/0013_0320_0208_0049_0049.jpg 1 320 208 49 49
b4/0014_0232_0062_0097_0097.jpg 1 232 62 97 97
b4/0015_0336_0069_0163_0163.jpg 1 336 69 163 163
b4/0016_0266_0223_0095_0095.jpg 1 266 223 95 95
b4/0017_0175_0026_0332_0332.jpg 1 175 26 332 332
b4/0018_0099_0102_0269_0269.jpg 1 99 102 269 269
b4/0019_0249_0247_0089_0089.jpg 1 249 247 89 89
b4/0020_0244_0061_0328_0328.jpg 1 244 61 328 328
b4/0021_0070_0143_0297_0297.jpg 1 70 143 297 297
b4/0022_0208_0087_0105_0105.jpg 1 208 87 105 105
b4/0023_0117_0094_0185_0185.jpg 1 117 94 185 185
b4/0024_0126_0124_0321_0321.jpg 1 126 124 321 321
b4/0025_0095_0137_0297_0297.jpg 1 95 137 297 297
b4/0026_0101_0074_0302_0302.jpg 1 101 74 302 302
b4/0027_0084_0058_0067_0067.jpg 1 84 58 67 67
b4/0028_0068_0099_0305_0305.jpg 1 68 99 305 305
b4/0029_0167_0153_0284_0284.jpg 1 167 153 284 284
b4/0030_0154_0048_0216_0216.jpg 1 154 48 216 216
b4/0031_0251_0064_0317_0317.jpg 1 251 64 317 317
b4/0032_0157_0133_0258_0258.jpg 1 157 133 258 258
b4/0033_0180_0021_0301_0301.jpg 1 180 21 301 301
b4/0034_0312_0217_0206_0206.jpg 1 312 217 206 206
b4/0035_0352_0228_0151_0151.jpg 1 352 228 151 151
b4/0036_0154_0072_0303_0303.jpg 1 154 72 303 303
b4/0037_0066_0134_0267_0267.jpg 1 66 134 267 267
b4/0038_0202_0096_0297_0297.jpg 1 202 96 297 297
b4/0039_0203_0119_0228_0228.jpg 1 203 119 228 228
b4/0040_0076_0085_0080_0080.jpg 1 76 85 80 80
b4/0041_0320_0081_0207_0207.jpg 1 320 81 207 207
b4/0042_0074_0046_0245_0245.jpg 1 74 46 245 245
b4/0043_0112_0052_0107_0107.jpg 1 112 52 107 107
b4/0044_0189_0028_0255_0255.jpg 1 189 28 255 255
b4/0045_0082_0156_0206_0206.jpg 1 82 156 206 206
b4/0046_0078_0219_0176_0176.jpg 1 78 219 176 176
b4/0047_0134_0092_0325_0325.jpg 1 134 92 325 325
b4/0048_0373_0150_0089_0089.jpg 1 373 150 89 89
b4/0049_0399_0333_0048_0048.jpg 1 399 333 48 48
b4/0050_0272_0179_0232_0232.jpg 1 272 179 232 232
b4/0051_0058_0309_0054_0054.jpg 1 58 309 54 54
b4/0052_0339_0050_0139_0139.jpg 1 339 50 139 139
b4/0053_0071_0102_0130_0130.jpg 1 71 102 130 130
b4/0054_0135_0130_0201_0201.jpg 1 135 130 201 201
b4/0055_0290_0071_0255_0255.jpg 1 290 71 255 255
b4/0056_0197_0084_0147_0147.jpg 1 197 84 147 147
b4/0057_0135_0154_0245_0245.jpg 1 135 154 245 245
b4/0058_0129_0332_0079_0079.jpg 1 129 332 79 79
b4/0059_0198_0275_0096_0096.jpg 1 198 275 96 96
b4/0060_0311_0080_0183_0183.jpg 1 311 80 183 183
b4/0061_0126_0144_0311_0311.jpg 1 126 144 311 311
b4/0062_0042_0376_0060_0060.jpg 1 42 376 60 60
b4/0063_0309_0104_0102_0102.jpg 1 309 104 102 102
b4/0064_0175_0145_0187_0187.jpg 1 175 145 187 187
b4/0065_0162_0204_0209_0209.jpg 1 162 204 209 209
b4/0066_0287_0047_0275_0275.jpg 1 287 47 275 275
b4/0067_0175_0048_0228_0228.jpg 1 175 48 228 228
b4/0068_0117_0167_0068_0068.jpg 1 117 167 68 68
b4/0069_0170_0275_0053_0053.jpg 1 170 275 53 53
b4/0070_0279_0232_0087_0087.jpg 1 279 232 87 87
b4/0071_0202_0194_0208_0208.jpg 1 202 194 208 208
b4/0072_0119_0229_0319_0319.jpg 1 119 229 319 319
b4/0073_0123_0154_0196_0196.jpg 1 123 154 196 196
b4/0074_0153_0039_0280_0280.jpg 1 153 39 280 280
b4/0075_0205_0064_0285_0285.jpg 1 205 64 285 285
b4/0076_0096_0078_0329_0329.jpg 1 96 78 329 329
b4/0077_0062_0110_0289_0289.jpg 1 62 110 289 289
b4/0078_0361_0057_0160_0160.jpg 1 361 57 160 160
b4/0079_0041_0119_0315_0315.jpg 1 41 119 315 315
b4/0080_0401_0075_0121_0121.jpg 1 401 75 121 121
b4/0081_0072_0403_0125_0125.jpg 1 72 403 125 125
b4/0082_0100_0112_0309_0309.jpg 1 100 112 309 309
b4/0083_0103_0110_0122_0122.jpg 1 103 110 122 122
b4/0084_0247_0133_0308_0308.jpg 1 247 133 308 308
b4/0085_0215_0072_0190_0190.jpg 1 215 72 190 190
b4/0086_0032_0205_0229_0229.jpg 1 32 205 229 229
b4/0087_0381_0220_0120_0120.jpg 1 381 220 120 120
b4/0088_0141_0193_0080_0080.jpg 1 141 193 80 80
b4/0089_0300_0150_0200_0200.jpg 1 300 150 200 200
b4/0090_0145_0108_0282_0282.jpg 1 145 108 282 282
b4/0091_0203_0155_0186_0186.jpg 1 203 155 186 186
b4/0092_0188_0058_0185_0185.jpg 1 188 58 185 185
b4/0093_0218_0104_0278_0278.jpg 1 218 104 278 278
b4/0094_0248_0097_0231_0231.jpg 1 248 97 231 231
b4/0095_0305_0074_0251_0251.jpg 1 305 74 251 251
b4/0096_0097_0065_0243_0243.jpg 1 97 65 243 243
b4/0097_0215_0100_0295_0295.jpg 1 215 100 295 295
b4/0098_0097_0073_0328_0328.jpg 1 97 73 328 328
b4/0099_0162_0229_0144_0144.jpg 1 162 229 144 144
b4/0100_0155_0148_0176_0176.jpg 1 155 148 176 176
b4/0101_0151_0180_0225_0225.jpg 1 151 180 225 225
b4/0102_0229_0274_0083_0083.jpg 1 229 274 83 83
b4/0103_0119_0072_0098_0098.jpg 1 119 72 98 98
b4/0104_0103_0084_0221_0221.jpg 1 103 84 221 221
b4/0105_0128_0077_0335_0335.jpg 1 128 77 335 335
b4/0106_0193_0179_0236_0236.jpg 1 193 179 236 236
b4/0107_0117_0137_0270_0270.jpg 1 117 137 270 270
b4/0108_0107_0286_0073_0073.jpg 1 107 286 73 73
b4/0109_0226_0059_0279_0279.jpg 1 226 59 279 279
b4/0110_0255_0255_0125_0125.jpg 1 255 255 125 125
b4/0111_0452_0200_0057_0057.jpg 1 452 200 57 57
b4/0112_0095_0317_0214_0214.jpg 1 95 317 214 214
b4/0113_0382_0077_0156_0156.jpg 1 382 77 156 156
b4/0114_0075_0064_0281_0281.jpg 1 75 64 281 281
b4/0115_0284_0243_0154_0154.jpg 1 284 243 154 154
b4/0116_0201_0070_0272_0272.jpg 1 201 70 272 272
b4/0117_0079_0254_0069_0069.jpg 1 79 254 69 69
b4/0118_0164_0257_0153_0153.jpg 1 164 257 153 153
b4/0119_0052_0207_0257_0257.jpg 1 52 207 257 257
b4/0120_0043_0178_0264_0264.jpg 1 43 178 264 264
b4/0121_0132_0103_0220_0220.jpg 1 132 103 220 220
b4/0122_0061_0129_0281_0281.jpg 1 61 129 281 281
b4/0123_0149_0187_0262_0262.jpg 1 149 187 262 262
b4/0124_0205_0060_0120_0120.jpg 1 205 60 120 120
b4/0125_0123_0045_0204_0204.jpg 1 123 45 204 204
b4/0126_0194_0424_0078_0078.jpg 1 194 424 78 78
b4/0127_0223_0210_0145_0145.jpg 1 223 210 145 145
b4/0128_0120_0177_0190_0190.jpg 1 120 177 190 190
b4/0129_0376_0267_0136_0136.jpg 1 376 267 136 136
b4/0130_0323_0043_0152_0152.jpg 1 323 43 152 152
b4/0131_0127_0062_0309_0309.jpg 1 127 62 309 309
b4/0132_0255_0131_0167_0167.jpg 1 255 131 167 167
b4/0133_0369_0267_0139_0139.jpg 1 369 267 139 139
b4/0134_0302_0108_0191_0191.jpg 1 302 108 191 191
b4/0135_0444_0263_0072_0072.jpg 1 444 263 72 72
b4/0136_0396_0234_0101_0101.jpg 1 396 234 101 101
b4/0137_0399_0108_0101_0101.jpg 1 399 108 101 101
b4/0138_0259_0129_0112_0112.jpg 1 259 129 112 112
b4/0139_0227_0257_0182_0182.jpg 1 227 257 182 182
b4/0140_0067_0283_0073_0073.jpg 1 67 283 73 73
b4/0141_0205_0090_0180_0180.jpg 1 205 90 180 180
b4/0142_0177_0051_0254_0254.jpg 1 177 51 254 254
b4/0143_0384_0147_0099_0099.jpg 1 384 147 99 99
b4/0144_0260_0079_0138_0138.jpg 1 260 79 138 138
b4/0145_0186_0170_0189_0189.jpg 1 186 170 189 189
b4/0146_0076_0067_0324_0324.jpg 1 76 67 324 324
b4/0147_0098_0214_0315_0315.jpg 1 98 214 315 315
b4/0148_0203_0057_0206_0206.jpg 1 203 57 206 206
b4/0149_0292_0223_0153_0153.jpg 1 292 223 153 153
b4/0150_0141_0122_0121_0121.jpg 1 141 122 121 121
b4/0151_0288_0367_0114_0114.jpg 1 288 367 114 114
b4/0152_0035_0063_0240_0240.jpg 1 35 63 240 240
b4/0153_0301_0077_0171_0171.jpg 1 301 77 171 171
b4/0154_0213_0047_0300_0300.jpg 1 213 47 300 300
b4/0155_0184_0234_0242_0242.jpg 1 184 234 242 242
b4/0156_0134_0099_0268_0268.jpg 1 134 99 268 268
b4/0157_0090_0057_0257_0257.jpg 1 90 57 257 257
b4/0158_0140_0021_0309_0309.jpg 1 140 21 309 309
b4/0159_0352_0251_0162_0162.jpg 1 352 251 162 162
b4/0160_0194_0127_0150_0150.jpg 1 194 127 150 150
b4/0161_0117_0140_0067_0067.jpg 1 117 140 67 67
b4/0162_0113_0199_0066_0066.jpg 1 113 199 66 66
b4/0163_0265_0090_0266_0266.jpg 1 265 90 266 266
b4/0164_0073_0039_0236_0236.jpg 1 73 39 236 236
b4/0165_0073_0199_0208_0208.jpg 1 73 199 208 208
b4/0166_0356_0083_0115_0115.jpg 1 356 83 115 115
b4/0167_0230_0298_0072_0072.jpg 1 230 298 72 72
b4/0168_0133_0161_0079_0079.jpg 1 133 161 79 79
b4/0169_0236_0280_0057_0057.jpg 1 236 280 57 57
b4/0170_0088_0024_0249_0249.jpg 1 88 24 249 249
b4/0171_0106_0084_0235_0235.jpg 1 106 84 235 235
b4/0172_0309_0173_0113_0113.jpg 1 309 173 113 113
b4/0173_0044_0038_0267_0267.jpg 1 44 38 267 267
b4/0174_0287_0238_0093_0093.jpg 1 287 238 93 93
b4/0175_0089_0089_0326_0326.jpg 1 89 89 326 326
b4/0176_0122_0081_0108_0108.jpg 1 122 81 108 108
b4/0177_0395_0132_0107_0107.jpg 1 395 132 107 107
b4/0178_0261_0331_0135_0135.jpg 1 261 331 135 135
b4/0179_0107_0142_0216_0216.jpg 1 107 142 216 216
b4/0180_0059_0310_0070_0070.jpg 1 59 310 70 70
b4/0181_0237_0167_0143_0143.jpg 1 237 167 143 143
b4/0182_0038_0134_0335_0335.jpg 1 38 134 335 335
b4/0183_0200_0159_0057_0057.jpg 1 200 159 57 57
b4/0184_0038_0037_0160_0160.jpg 1 38 37 160 160
b4/0185_0068_0220_0222_0222.jpg 1 68 220 222 222
b4/0186_0089_0077_0152_0152.jpg 1 89 77 152 152
b4/0187_0182_0169_0224_0224.jpg 1 182 169 224 224
b4/0188_0083_0117_0271_0271.jpg 1 83 117 271 271
b4/0189_0092_0291_0125_0125.jpg 1 92 291 125 125
b4/0190_0137_0297_0090_0090.jpg 1 137 297 90 90
b4/0191_0226_0154_0270_0270.jpg 1 226 154 270 270
b4/0192_0149_0120_0128_0128.jpg 1 149 120 128 128
b4/0193_0117_0033_0317_0317.jpg 1 117 33 317 317
b4/0194_0167_0063_0335_0335.jpg 1 167 63 335 335
b4/0195_0096_0134_0084_0084.jpg 1 96 134 84 84
b4/0196_0125_0226_0306_0306.jpg 1 125 226 306 306
b4/0197_0102_0084_0145_0145.jpg 1 102 84 145 145
b4/0198_0298_0214_0193_0193.jpg 1 298 214 193 193
b4/0199_0313_0147_0193_0193.jpg 1 313 147 193 193
b4/0200_0063_0056_0265_0265.jpg 1 63 56 265 265
b5/0001_0093_0053_0279_0279.jpg 1 93 53 279 279
b5/0002_0092_0171_0164_0164.jpg 1 92 171 164 164
b5/0003_0168_0060_0222_0222.jpg 1 168 60 222 222
b5/0004_0118_0033_0261_0261.jpg 1 118 33 261 261
b5/0005_0119_0147_0211_0211.jpg 1 119 147 211 211
b5/0006_0275_0033_0195_0195.jpg 1 275 33 195 195
b5/0007_0060_0228_0309_0309.jpg 1 60 228 309 309
b5/0008_0371_0236_0100_0100.jpg 1 371 236 100 100
b5/0009_0207_0082_0302_0302.jpg 1 207 82 302 302
b5/0010_0255_0109_0285_0285.jpg 1 255 109 285 285
b5/0011_0082_0235_0239_0239.jpg 1 82 235 239 239
b5/0012_0110_0135_0242_0242.jpg 1 110 135 242 242
b5/0013_0320_0208_0049_0049.jpg 1 320 208 49 49
b5/0014_0232_0062_0097_0097.jpg 1 232 62 97 97
b5/0015_0336_0069_0163_0163.jpg 1 336 69 163 163
b5/0016_0266_0223_0095_0095.jpg 1 266 223 95 95
b5/0017_0175_0026_0332_0332.jpg 1 175 26 332 332
b5/0018_0099_0102_0269_0269.jpg 1 99 102 269 269
b5/0019_0249_0247_0089_0089.jpg 1 249 247 89 89
b5/0020_0244_0061_0328_0328.jpg 1 244 61 328 328
b5/0021_0070_0143_0297_0297.jpg 1 70 143 297 297
b5/0022_0208_0087_0105_0105.jpg 1 208 87 105 105
b5/0023_0117_0094_0185_0185.jpg 1 117 94 185 185
b5/0024_0126_0124_0321_0321.jpg 1 126 124 321 321
b5/0025_0095_0137_0297_0297.jpg 1 95 137 297 297
b5/0026_0101_0074_0302_0302.jpg 1 101 74 302 302
b5/0027_0084_0058_0067_0067.jpg 1 84 58 67 67
b5/0028_0068_0099_0305_0305.jpg 1 68 99 305 305
b5/0029_0167_0153_0284_0284.jpg 1 167 153 284 284
b5/0030_0154_0048_0216_0216.jpg 1 154 48 216 216
b5/0031_0251_0064_0317_0317.jpg 1 251 64 317 317
b5/0032_0157_0133_0258_0258.jpg 1 157 133 258 258
b5/0033_0180_0021_0301_0301.jpg 1 180 21 301 301
b5/0034_0312_0217_0206_0206.jpg 1 312 217 206 206
b5/0035_0352_0228_0151_0151.jpg 1 352 228 151 151
b5/0036_0154_0072_0303_0303.jpg 1 154 72 303 303
b5/0037_0066_0134_0267_0267.jpg 1 66 134 267 267
b5/0038_0202_0096_0297_0297.jpg 1 202 96 297 297
b5/0039_0203_0119_0228_0228.jpg 1 203 119 228 228
b5/0040_0076_0085_0080_0080.jpg 1 76 85 80 80
b5/0041_0320_0081_0207_0207.jpg 1 320 81 207 207
b5/0042_0074_0046_0245_0245.jpg 1 74 46 245 245
b5/0043_0112_0052_0107_0107.jpg 1 112 52 107 107
b5/0044_0189_0028_0255_0255.jpg 1 189 28 255 255
b5/0045_0082_0156_0206_0206.jpg 1 82 156 206 206
b5/0046_0078_0219_0176_0176.jpg 1 78 219 176 176
b5/0047_0134_0092_0325_0325.jpg 1 134 92 325 325
b5/0048_0373_0150_0089_0089.jpg 1 373 150 89 89
b5/0049_0399_0333_0048_0048.jpg 1 399 333 48 48
b5/0050_0272_0179_0232_0232.jpg 1 272 179 232 232
b5/0051_0058_0309_0054_0054.jpg 1 58 309 54 54
b5/0052_0339_0050_0139_0139.jpg 1 339 50 139 139
b5/0053_0071_0102_0130_0130.jpg 1 71 102 130 130
b5/0054_0135_0130_0201_0201.jpg 1 135 130 201 201
b5/0055_0290_0071_0255_0255.jpg 1 290 71 255 255
b5/0056_0197_0084_0147_0147.jpg 1 197 84 147 147
b5/0057_0135_0154_0245_0245.jpg 1 135 154 245 245
b5/0058_0129_0332_0079_0079.jpg 1 129 332 79 79
b5/0059_0198_0275_0096_0096.jpg 1 198 275 96 96
b5/0060_0311_0080_0183_0183.jpg 1 311 80 183 183
b5/0061_0126_0144_0311_0311.jpg 1 126 144 311 311
b5/0062_0042_0376_0060_0060.jpg 1 42 376 60 60
b5/0063_0309_0104_0102_0102.jpg 1 309 104 102 102
b5/0064_0175_0145_0187_0187.jpg 1 175 145 187 187
b5/0065_0162_0204_0209_0209.jpg 1 162 204 209 209
b5/0066_0287_0047_0275_0275.jpg 1 287 47 275 275
b5/0067_0175_0048_0228_0228.jpg 1 175 48 228 228
b5/0068_0117_0167_0068_0068.jpg 1 117 167 68 68
b5/0069_0170_0275_0053_0053.jpg 1 170 275 53 53
b5/0070_0279_0232_0087_0087.jpg 1 279 232 87 87
b5/0071_0202_0194_0208_0208.jpg 1 202 194 208 208
b5/0072_0119_0229_0319_0319.jpg 1 119 229 319 319
b5/0073_0123_0154_0196_0196.jpg 1 123 154 196 196
b5/0074_0153_0039_0280_0280.jpg 1 153 39 280 280
b5/0075_0205_0064_0285_0285.jpg 1 205 64 285 285
b5/0076_0096_0078_0329_0329.jpg 1 96 78 329 329
b5/0077_0062_0110_0289_0289.jpg 1 62 110 289 289
b5/0078_0361_0057_0160_0160.jpg 1 361 57 160 160
b5/0079_0041_0119_0315_0315.jpg 1 41 119 315 315
b5/0080_0401_0075_0121_0121.jpg 1 401 75 121 121
b5/0081_0072_0403_0125_0125.jpg 1 72 403 125 125
b5/0082_0100_0112_0309_0309.jpg 1 100 112 309 309
b5/0083_0103_0110_0122_0122.jpg 1 103 110 122 122
b5/0084_0247_0133_0308_0308.jpg 1 247 133 308 308
b5/0085_0215_0072_0190_0190.jpg 1 215 72 190 190
b5/0086_0032_0205_0229_0229.jpg 1 32 205 229 229
b5/0087_0381_0220_0120_0120.jpg 1 381 220 120 120
b5/0088_0141_0193_0080_0080.jpg 1 141 193 80 80
b5/0089_0300_0150_0200_0200.jpg 1 300 150 200 200
b5/0090_0145_0108_0282_0282.jpg 1 145 108 282 282
b5/0091_0203_0155_0186_0186.jpg 1 203 155 186 186
b5/0092_0188_0058_0185_0185.jpg 1 188 58 185 185
b5/0093_0218_0104_0278_0278.jpg 1 218 104 278 278
b5/0094_0248_0097_0231_0231.jpg 1 248 97 231 231
b5/0095_0305_0074_0251_0251.jpg 1 305 74 251 251
b5/0096_0097_0065_0243_0243.jpg 1 97 65 243 243
b5/0097_0215_0100_0295_0295.jpg 1 215 100 295 295
b5/0098_0097_0073_0328_0328.jpg 1 97 73 328 328
b5/0099_0162_0229_0144_0144.jpg 1 162 229 144 144
b5/0100_0155_0148_0176_0176.jpg 1 155 148 176 176
b5/0101_0151_0180_0225_0225.jpg 1 151 180 225 225
b5/0102_0229_0274_0083_0083.jpg 1 229 274 83 83
b5/0103_0119_0072_0098_0098.jpg 1 119 72 98 98
b5/0104_0103_0084_0221_0221.jpg 1 103 84 221 221
b5/0105_0128_0077_0335_0335.jpg 1 128 77 335 335
b5/0106_0193_0179_0236_0236.jpg 1 193 179 236 236
b5/0107_0117_0137_0270_0270.jpg 1 117 137 270 270
b5/0108_0107_0286_0073_0073.jpg 1 107 286 73 73
b5/0109_0226_0059_0279_0279.jpg 1 226 59 279 279
b5/0110_0255_0255_0125_0125.jpg 1 255 255 125 125
b5/0111_0452_0200_0057_0057.jpg 1 452 200 57 57
b5/0112_0095_0317_0214_0214.jpg 1 95 317 214 214
b5/0113_0382_0077_0156_0156.jpg 1 382 77 156 156
b5/0114_0075_0064_0281_0281.jpg 1 75 64 281 281
b5/0115_0284_0243_0154_0154.jpg 1 284 243 154 154
b5/0116_0201_0070_0272_0272.jpg 1 201 70 272 272
b5/0117_0079_0254_0069_0069.jpg 1 79 254 69 69
b5/0118_0164_0257_0153_0153.jpg 1 164 257 153 153
b5/0119_0052_0207_0257_0257.jpg 1 52 207 257 257
b5/0120_0043_0178_0264_0264.jpg 1 43 178 264 264
b5/0121_0132_0103_0220_0220.jpg 1 132 103 220 220
b5/0122_0061_0129_0281_0281.jpg 1 61 129 281 281
b5/0123_0149_0187_0262_0262.jpg 1 149 187 262 262
b5/0124_0205_0060_0120_0120.jpg 1 205 60 120 120
b5/0125_0123_0045_0204_0204.jpg 1 123 45 204 204
b5/0126_0194_0424_0078_0078.jpg 1 194 424 78 78
b5/0127_0223_0210_0145_0145.jpg 1 223 210 145 145
b5/0128_0120_0177_0190_0190.jpg 1 120 177 190 190
b5/0129_0376_0267_0136_0136.jpg 1 376 267 136 136
b5/0130_0323_0043_0152_0152.jpg 1 323 43 152 152
b5/0131_0127_0062_0309_0309.jpg 1 127 62 309 309
b5/0132_0255_0131_0167_0167.jpg 1 255 131 167 167
b5/0133_0369_0267_0139_0139.jpg 1 369 267 139 139
b5/0134_0302_0108_0191_0191.jpg 1 302 108 191 191
b5/0135_0444_0263_0072_0072.jpg 1 444 263 72 72
b5/0136_0396_0234_0101_0101.jpg 1 396 234 101 101
b5/0137_0399_0108_0101_0101.jpg 1 399 108 101 101
b5/0138_0259_0129_0112_0112.jpg 1 259 129 112 112
b5/0139_0227_0257_0182_0182.jpg 1 227 257 182 182
b5/0140_0067_0283_0073_0073.jpg 1 67 283 73 73
b5/0141_0205_0090_0180_0180.jpg 1 205 90 180 180
b5/0142_0177_0051_0254_0254.jpg 1 177 51 254 254
b5/0143_0384_0147_0099_0099.jpg 1 384 147 99 99
b5/0144_0260_0079_0138_0138.jpg 1 260 79 138 138
b5/0145_0186_0170_0189_0189.jpg 1 186 170 189 189
b5/0146_0076_0067_0324_0324.jpg 1 76 67 324 324
b5/0147_0098_0214_0315_0315.jpg 1 98 214 315 315
b5/0148_0203_0057_0206_0206.jpg 1 203 57 206 206
b5/0149_0292_0223_0153_0153.jpg 1 292 223 153 153
b5/0150_0141_0122_0121_0121.jpg 1 141 122 121 121
b5/0151_0288_0367_0114_0114.jpg 1 288 367 114 114
b5/0152_0035_0063_0240_0240.jpg 1 35 63 240 240
b5/0153_0301_0077_0171_0171.jpg 1 301 77 171 171
b5/0154_0213_0047_0300_0300.jpg 1 213 47 300 300
b5/0155_0184_0234_0242_0242.jpg 1 184 234 242 242
b5/0156_0134_0099_0268_0268.jpg 1 134 99 268 268
b5/0157_0090_0057_0257_0257.jpg 1 90 57 257 257
b5/0158_0140_0021_0309_0309.jpg 1 140 21 309 309
b5/0159_0352_0251_0162_0162.jpg 1 352 251 162 162
b5/0160_0194_0127_0150_0150.jpg 1 194 127 150 150
b5/0161_0117_0140_0067_0067.jpg 1 117 140 67 67
b5/0162_0113_0199_0066_0066.jpg 1 113 199 66 66
b5/0163_0265_0090_0266_0266.jpg 1 265 90 266 266
b5/0164_0073_0039_0236_0236.jpg 1 73 39 236 236
b5/0165_0073_0199_0208_0208.jpg 1 73 199 208 208
b5/0166_0356_0083_0115_0115.jpg 1 356 83 115 115
b5/0167_0230_0298_0072_0072.jpg 1 230 298 72 72
b5/0168_0133_0161_0079_0079.jpg 1 133 161 79 79
b5/0169_0236_0280_0057_0057.jpg 1 236 280 57 57
b5/0170_0088_0024_0249_0249.jpg 1 88 24 249 249
b5/0171_0106_0084_0235_0235.jpg 1 106 84 235 235
b5/0172_0309_0173_0113_0113.jpg 1 309 173 113 113
b5/0173_0044_0038_0267_0267.jpg 1 44 38 267 267
b5/0174_0287_0238_0093_0093.jpg 1 287 238 93 93
b5/0175_0089_0089_0326_0326.jpg 1 89 89 326 326
b5/0176_0122_0081_0108_0108.jpg 1 122 81 108 108
b5/0177_0395_0132_0107_0107.jpg 1 395 132 107 107
b5/0178_0261_0331_0135_0135.jpg 1 261 331 135 135
b5/0179_0107_0142_0216_0216.jpg 1 107 142 216 216
b5/0180_0059_0310_0070_0070.jpg 1 59 310 70 70
b5/0181_0237_0167_0143_0143.jpg 1 237 167 143 143
b5/0182_0038_0134_0335_0335.jpg 1 38 134 335 335
b5/0183_0200_0159_0057_0057.jpg 1 200 159 57 57
b5/0184_0038_0037_0160_0160.jpg 1 38 37 160 160
b5/0185_0068_0220_0222_0222.jpg 1 68 220 222 222
b5/0186_0089_0077_0152_0152.jpg 1 89 77 152 152
b5/0187_0182_0169_0224_0224.jpg 1 182 169 224 224
b5/0188_0083_0117_0271_0271.jpg 1 83 117 271 271
b5/0189_0092_0291_0125_0125.jpg 1 92 291 125 125
b5/0190_0137_0297_0090_0090.jpg 1 137 297 90 90
b5/0191_0226_0154_0270_0270.jpg 1 226 154 270 270
b5/0192_0149_0120_0128_0128.jpg 1 149 120 128 128
b5/0193_0117_0033_0317_0317.jpg 1 117 33 317 317
b5/0194_0167_0063_0335_0335.jpg 1 167 63 335 335
b5/0195_0096_0134_0084_0084.jpg 1 96 134 84 84
b5/0196_0125_0226_0306_0306.jpg 1 125 226 306 306
b5/0197_0102_0084_0145_0145.jpg 1 102 84 145 145
b5/0198_0298_0214_0193_0193.jpg 1 298 214 193 193
b5/0199_0313_0147_0193_0193.jpg 1 313 147 193 193
b5/0200_0063_0056_0265_0265.jpg 1 63 56 265 265
b6/0001_0093_0053_0279_0279.jpg 1 93 53 279 279
b6/0002_0092_0171_0164_0164.jpg 1 92 171 164 164
b6/0003_0168_0060_0222_0222.jpg 1 168 60 222 222
b6/0004_0118_0033_0261_0261.jpg 1 118 33 261 261
b6/0005_0119_0147_0211_0211.jpg 1 119 147 211 211
b6/0006_0275_0033_0195_0195.jpg 1 275 33 195 195
b6/0007_0060_0228_0309_0309.jpg 1 60 228 309 309
b6/0008_0371_0236_0100_0100.jpg 1 371 236 100 100
b6/0009_0207_0082_0302_0302.jpg 1 207 82 302 302
b6/0010_0255_0109_0285_0285.jpg 1 255 109 285 285
b6/0011_0082_0235_0239_0239.jpg 1 82 235 239 239
b6/0012_0110_0135_0242_0242.jpg 1 110 135 242 242
b6/0013_0320_0208_0049_0049.jpg 1 320 208 49 49
b6/0014_0232_0062_0097_0097.jpg 1 232 62 97 97
b6/0015_0336_0069_0163_0163.jpg 1 336 69 163 163
b6/0016_0266_0223_0095_0095.jpg 1 266 223 95 95
b6/0017_0175_0026_0332_0332.jpg 1 175 26 332 332
b6/0018_0099_0102_0269_0269.jpg 1 99 102 269 269
b6/0019_0249_0247_0089_0089.jpg 1 249 247 89 89
b6/0020_0244_0061_0328_0328.jpg 1 244 61 328 328
b6/0021_0070_0143_0297_0297.jpg 1 70 143 297 297
b6/0022_0208_0087_0105_0105.jpg 1 208 87 105 105
b6/0023_0117_0094_0185_0185.jpg 1 117 94 185 185
b6/0024_0126_0124_0321_0321.jpg 1 126 124 321 321
b6/0025_0095_0137_0297_0297.jpg 1 95 137 297 297
b6/0026_0101_0074_0302_0302.jpg 1 101 74 302 302
b6/0027_0084_0058_0067_0067.jpg 1 84 58 67 67
b6/0028_0068_0099_0305_0305.jpg 1 68 99 305 305
b6/0029_0167_0153_0284_0284.jpg 1 167 153 284 284
b6/0030_0154_0048_0216_0216.jpg 1 154 48 216 216
b6/0031_0251_0064_0317_0317.jpg 1 251 64 317 317
b6/0032_0157_0133_0258_0258.jpg 1 157 133 258 258
b6/0033_0180_0021_0301_0301.jpg 1 180 21 301 301
b6/0034_0312_0217_0206_0206.jpg 1 312 217 206 206
b6/0035_0352_0228_0151_0151.jpg 1 352 228 151 151
b6/0036_0154_0072_0303_0303.jpg 1 154 72 303 303
b6/0037_0066_0134_0267_0267.jpg 1 66 134 267 267
b6/0038_0202_0096_0297_0297.jpg 1 202 96 297 297
b6/0039_0203_0119_0228_0228.jpg 1 203 119 228 228
b6/0040_0076_0085_0080_0080.jpg 1 76 85 80 80
b6/0041_0320_0081_0207_0207.jpg 1 320 81 207 207
b6/0042_0074_0046_0245_0245.jpg 1 74 46 245 245
b6/0043_0112_0052_0107_0107.jpg 1 112 52 107 107
b6/0044_0189_0028_0255_0255.jpg 1 189 28 255 255
b6/0045_0082_0156_0206_0206.jpg 1 82 156 206 206
b6/0046_0078_0219_0176_0176.jpg 1 78 219 176 176
b6/0047_0134_0092_0325_0325.jpg 1 134 92 325 325
b6/0048_0373_0150_0089_0089.jpg 1 373 150 89 89
b6/0049_0399_0333_0048_0048.jpg 1 399 333 48 48
b6/0050_0272_0179_0232_0232.jpg 1 272 179 232 232
b6/0051_0058_0309_0054_0054.jpg 1 58 309 54 54
b6/0052_0339_0050_0139_0139.jpg 1 339 50 139 139
b6/0053_0071_0102_0130_0130.jpg 1 71 102 130 130
b6/0054_0135_0130_0201_0201.jpg 1 135 130 201 201
b6/0055_0290_0071_0255_0255.jpg 1 290 71 255 255
b6/0056_0197_0084_0147_0147.jpg 1 197 84 147 147
b6/0057_0135_0154_0245_0245.jpg 1 135 154 245 245
b6/0058_0129_0332_0079_0079.jpg 1 129 332 79 79
b6/0059_0198_0275_0096_0096.jpg 1 198 275 96 96
b6/0060_0311_0080_0183_0183.jpg 1 311 80 183 183
b6/0061_0126_0144_0311_0311.jpg 1 126 144 311 311
b6/0062_0042_0376_0060_0060.jpg 1 42 376 60 60
b6/0063_0309_0104_0102_0102.jpg 1 309 104 102 102
b6/0064_0175_0145_0187_0187.jpg 1 175 145 187 187
b6/0065_0162_0204_0209_0209.jpg 1 162 204 209 209
b6/0066_0287_0047_0275_0275.jpg 1 287 47 275 275
b6/0067_0175_0048_0228_0228.jpg 1 175 48 228 228
b6/0068_0117_0167_0068_0068.jpg 1 117 167 68 68
b6/0069_0170_0275_0053_0053.jpg 1 170 275 53 53
b6/0070_0279_0232_0087_0087.jpg 1 279 232 87 87
b6/0071_0202_0194_0208_0208.jpg 1 202 194 208 208
b6/0072_0119_0229_0319_0319.jpg 1 119 229 319 319
b6/0073_0123_0154_0196_0196.jpg 1 123 154 196 196
b6/0074_0153_0039_0280_0280.jpg 1 153 39 280 280
b6/0075_0205_0064_0285_0285.jpg 1 205 64 285 285
b6/0076_0096_0078_0329_0329.jpg 1 96 78 329 329
b6/0077_0062_0110_0289_0289.jpg 1 62 110 289 289
b6/0078_0361_0057_0160_0160.jpg 1 361 57 160 160
b6/0079_0041_0119_0315_0315.jpg 1 41 119 315 315
b6/0080_0401_0075_0121_0121.jpg 1 401 75 121 121
b6/0081_0072_0403_0125_0125.jpg 1 72 403 125 125
b6/0082_0100_0112_0309_0309.jpg 1 100 112 309 309
b6/0083_0103_0110_0122_0122.jpg 1 103 110 122 122
b6/0084_0247_0133_0308_0308.jpg 1 247 133 308 308
b6/0085_0215_0072_0190_0190.jpg 1 215 72 190 190
b6/0086_0032_0205_0229_0229.jpg 1 32 205 229 229
b6/0087_0381_0220_0120_0120.jpg 1 381 220 120 120
b6/0088_0141_0193_0080_0080.jpg 1 141 193 80 80
b6/0089_0300_0150_0200_0200.jpg 1 300 150 200 200
b6/0090_0145_0108_0282_0282.jpg 1 145 108 282 282
b6/0091_0203_0155_0186_0186.jpg 1 203 155 186 186
b6/0092_0188_0058_0185_0185.jpg 1 188 58 185 185
b6/0093_0218_0104_0278_0278.jpg 1 218 104 278 278
b6/0094_0248_0097_0231_0231.jpg 1 248 97 231 231
b6/0095_0305_0074_0251_0251.jpg 1 305 74 251 251
b6/0096_0097_0065_0243_0243.jpg 1 97 65 243 243
b6/0097_0215_0100_0295_0295.jpg 1 215 100 295 295
b6/0098_0097_0073_0328_0328.jpg 1 97 73 328 328
b6/0099_0162_0229_0144_0144.jpg 1 162 229 144 144
b6/0100_0155_0148_0176_0176.jpg 1 155 148 176 176
b6/0101_0151_0180_0225_0225.jpg 1 151 180 225 225
b6/0102_0229_0274_0083_0083.jpg 1 229 274 83 83
b6/0103_0119_0072_0098_0098.jpg 1 119 72 98 98
b6/0104_0103_0084_0221_0221.jpg 1 103 84 221 221
b6/0105_0128_0077_0335_0335.jpg 1 128 77 335 335
b6/0106_0193_0179_0236_0236.jpg 1 193 179 236 236
b6/0107_0117_0137_0270_0270.jpg 1 117 137 270 270
b6/0108_0107_0286_0073_0073.jpg 1 107 286 73 73
b6/0109_0226_0059_0279_0279.jpg 1 226 59 279 279
b6/0110_0255_0255_0125_0125.jpg 1 255 255 125 125
b6/0111_0452_0200_0057_0057.jpg 1 452 200 57 57
b6/0112_0095_0317_0214_0214.jpg 1 95 317 214 214
b6/0113_0382_0077_0156_0156.jpg 1 382 77 156 156
b6/0114_0075_0064_0281_0281.jpg 1 75 64 281 281
b6/0115_0284_0243_0154_0154.jpg 1 284 243 154 154
b6/0116_0201_0070_0272_0272.jpg 1 201 70 272 272
b6/0117_0079_0254_0069_0069.jpg 1 79 254 69 69
b6/0118_0164_0257_0153_0153.jpg 1 164 257 153 153
b6/0119_0052_0207_0257_0257.jpg 1 52 207 257 257
b6/0120_0043_0178_0264_0264.jpg 1 43 178 264 264
b6/0121_0132_0103_0220_0220.jpg 1 132 103 220 220
b6/0122_0061_0129_0281_0281.jpg 1 61 129 281 281
b6/0123_0149_0187_0262_0262.jpg 1 149 187 262 262
b6/0124_0205_0060_0120_0120.jpg 1 205 60 120 120
b6/0125_0123_0045_0204_0204.jpg 1 123 45 204 204
b6/0126_0194_0424_0078_0078.jpg 1 194 424 78 78
b6/0127_0223_0210_0145_0145.jpg 1 223 210 145 145
b6/0128_0120_0177_0190_0190.jpg 1 120 177 190 190
b6/0129_0376_0267_0136_0136.jpg 1 376 267 136 136
b6/0130_0323_0043_0152_0152.jpg 1 323 43 152 152
b6/0131_0127_0062_0309_0309.jpg 1 127 62 309 309
b6/0132_0255_0131_0167_0167.jpg 1 255 131 167 167
b6/0133_0369_0267_0139_0139.jpg 1 369 267 139 139
b6/0134_0302_0108_0191_0191.jpg 1 302 108 191 191
b6/0135_0444_0263_0072_0072.jpg 1 444 263 72 72
b6/0136_0396_0234_0101_0101.jpg 1 396 234 101 101
b6/0137_0399_0108_0101_0101.jpg 1 399 108 101 101
b6/0138_0259_0129_0112_0112.jpg 1 259 129 112 112
b6/0139_0227_0257_0182_0182.jpg 1 227 257 182 182
b6/0140_0067_0283_0073_0073.jpg 1 67 283 73 73
b6/0141_0205_0090_0180_0180.jpg 1 205 90 180 180
b6/0142_0177_0051_0254_0254.jpg 1 177 51 254 254
b6/0143_0384_0147_0099_0099.jpg 1 384 147 99 99
b6/0144_0260_0079_0138_0138.jpg 1 260 79 138 138
b6/0145_0186_0170_0189_0189.jpg 1 186 170 189 189
b6/0146_0076_0067_0324_0324.jpg 1 76 67 324 324
b6/0147_0098_0214_0315_0315.jpg 1 98 214 315 315
b6/0148_0203_0057_0206_0206.jpg 1 203 57 206 206
b6/0149_0292_0223_0153_0153.jpg 1 292 223 153 153
b6/0150_0141_0122_0121_0121.jpg 1 141 122 121 121
b6/0151_0288_0367_0114_0114.jpg 1 288 367 114 114
b6/0152_0035_0063_0240_0240.jpg 1 35 63 240 240
b6/0153_0301_0077_0171_0171.jpg 1 301 77 171 171
b6/0154_0213_0047_0300_0300.jpg 1 213 47 300 300
b6/0155_0184_0234_0242_0242.jpg 1 184 234 242 242
b6/0156_0134_0099_0268_0268.jpg 1 134 99 268 268
b6/0157_0090_0057_0257_0257.jpg 1 90 57 257 257
b6/0158_0140_0021_0309_0309.jpg 1 140 21 309 309
b6/0159_0352_0251_0162_0162.jpg 1 352 251 162 162
b6/0160_0194_0127_0150_0150.jpg 1 194 127 150 150
b6/0161_0117_0140_0067_0067.jpg 1 117 140 67 67
b6/0162_0113_0199_0066_0066.jpg 1 113 199 66 66
b6/0163_0265_0090_0266_0266.jpg 1 265 90 266 266
b6/0164_0073_0039_0236_0236.jpg 1 73 39 236 236
b6/0165_0073_0199_0208_0208.jpg 1 73 199 208 208
b6/0166_0356_0083_0115_0115.jpg 1 356 83 115 115
b6/0167_0230_0298_0072_0072.jpg 1 230 298 72 72
b6/0168_0133_0161_0079_0079.jpg 1 133 161 79 79
b6/0169_0236_0280_0057_0057.jpg 1 236 280 57 57
b6/0170_0088_0024_0249_0249.jpg 1 88 24 249 249
b6/0171_0106_0084_0235_0235.jpg 1 106 84 235 235
b6/0172_0309_0173_0113_0113.jpg 1 309 173 113 113
b6/0173_0044_0038_0267_0267.jpg 1 44 38 267 267
b6/0174_0287_0238_0093_0093.jpg 1 287 238 93 93
b6/0175_0089_0089_0326_0326.jpg 1 89 89 326 326
b6/0176_0122_0081_0108_0108.jpg 1 122 81 108 108
b6/0177_0395_0132_0107_0107.jpg 1 395 132 107 107
b6/0178_0261_0331_0135_0135.jpg 1 261 331 135 135
b6/0179_0107_0142_0216_0216.jpg 1 107 142 216 216
b6/0180_0059_0310_0070_0070.jpg 1 59 310 70 70
b6/0181_0237_0167_0143_0143.jpg 1 237 167 143 143
b6/0182_0038_0134_0335_0335.jpg 1 38 134 335 335
b6/0183_0200_0159_0057_0057.jpg 1 200 159 57 57
b6/0184_0038_0037_0160_0160.jpg 1 38 37 160 160
b6/0185_0068_0220_0222_0222.jpg 1 68 220 222 222
b6/0186_0089_0077_0152_0152.jpg 1 89 77 152 152
b6/0187_0182_0169_0224_0224.jpg 1 182 169 224 224
b6/0188_0083_0117_0271_0271.jpg 1 83 117 271 271
b6/0189_0092_0291_0125_0125.jpg 1 92 291 125 125
b6/0190_0137_0297_0090_0090.jpg 1 137 297 90 90
b6/0191_0226_0154_0270_0270.jpg 1 226 154 270 270
b6/0192_0149_0120_0128_0128.jpg 1 149 120 128 128
b6/0193_0117_0033_0317_0317.jpg 1 117 33 317 317
b6/0194_0167_0063_0335_0335.jpg 1 167 63 335 335
b6/0195_0096_0134_0084_0084.jpg 1 96 134 84 84
b6/0196_0125_0226_0306_0306.jpg 1 125 226 306 306
b6/0197_0102_0084_0145_0145.jpg 1 102 84 145 145
b6/0198_0298_0214_0193_0193.jpg 1 298 214 193 193
b6/0199_0313_0147_0193_0193.jpg 1 313 147 193 193
b6/0200_0063_0056_0265_0265.jpg 1 63 56 265 265
b7/0001_0093_0053_0279_0279.jpg 1 93 53 279 279
b7/0002_0092_0171_0164_0164.jpg 1 92 171 164 164
b7/0003_0168_0060_0222_0222.jpg 1 168 60 222 222
b7/0004_0118_0033_0261_0261.jpg 1 118 33 261 261
b7/0005_0119_0147_0211_0211.jpg 1 119 147 211 211
b7/0006_0275_0033_0195_0195.jpg 1 275 33 195 195
b7/0007_0060_0228_0309_0309.jpg 1 60 228 309 309
b7/0008_0371_0236_0100_0100.jpg 1 371 236 100 100
b7/0009_0207_0082_0302_0302.jpg 1 207 82 302 302
b7/0010_0255_0109_0285_0285.jpg 1 255 109 285 285
b7/0011_0082_0235_0239_0239.jpg 1 82 235 239 239
b7/0012_0110_0135_0242_0242.jpg 1 110 135 242 242
b7/0013_0320_0208_0049_0049.jpg 1 320 208 49 49
b7/0014_0232_0062_0097_0097.jpg 1 232 62 97 97
b7/0015_0336_0069_0163_0163.jpg 1 336 69 163 163
b7/0016_0266_0223_0095_0095.jpg 1 266 223 95 95
b7/0017_0175_0026_0332_0332.jpg 1 175 26 332 332
b7/0018_0099_0102_0269_0269.jpg 1 99 102 269 269
b7/0019_0249_0247_0089_0089.jpg 1 249 247 89 89
b7/0020_0244_0061_0328_0328.jpg 1 244 61 328 328
b7/0021_0070_0143_0297_0297.jpg 1 70 143 297 297
b7/0022_0208_0087_0105_0105.jpg 1 208 87 105 105
b7/0023_0117_0094_0185_0185.jpg 1 117 94 185 185
b7/0024_0126_0124_0321_0321.jpg 1 126 124 321 321
b7/0025_0095_0137_0297_0297.jpg 1 95 137 297 297
b7/0026_0101_0074_0302_0302.jpg 1 101 74 302 302
b7/0027_0084_0058_0067_0067.jpg 1 84 58 67 67
b7/0028_0068_0099_0305_0305.jpg 1 68 99 305 305
b7/0029_0167_0153_0284_0284.jpg 1 167 153 284 284
b7/0030_0154_0048_0216_0216.jpg 1 154 48 216 216
b7/0031_0251_0064_0317_0317.jpg 1 251 64 317 317
b7/0032_0157_0133_0258_0258.jpg 1 157 133 258 258
b7/0033_0180_0021_0301_0301.jpg 1 180 21 301 301
b7/0034_0312_0217_0206_0206.jpg 1 312 217 206 206
b7/0035_0352_0228_0151_0151.jpg 1 352 228 151 151
b7/0036_0154_0072_0303_0303.jpg 1 154 72 303 303
b7/0037_0066_0134_0267_0267.jpg 1 66 134 267 267
b7/0038_0202_0096_0297_0297.jpg 1 202 96 297 297
b7/0039_0203_0119_0228_0228.jpg 1 203 119 228 228
b7/0040_0076_0085_0080_0080.jpg 1 76 85 80 80
b7/0041_0320_0081_0207_0207.jpg 1 320 81 207 207
b7/0042_0074_0046_0245_0245.jpg 1 74 46 245 245
b7/0043_0112_0052_0107_0107.jpg 1 112 52 107 107
b7/0044_0189_0028_0255_0255.jpg 1 189 28 255 255
b7/0045_0082_0156_0206_0206.jpg 1 82 156 206 206
b7/0046_0078_0219_0176_0176.jpg 1 78 219 176 176
b7/0047_0134_0092_0325_0325.jpg 1 134 92 325 325
b7/0048_0373_0150_0089_0089.jpg 1 373 150 89 89
b7/0049_0399_0333_0048_0048.jpg 1 399 333 48 48
b7/0050_0272_0179_0232_0232.jpg 1 272 179 232 232
b7/0051_0058_0309_0054_0054.jpg 1 58 309 54 54
b7/0052_0339_0050_0139_0139.jpg 1 339 50 139 139
b7/0053_0071_0102_0130_0130.jpg 1 71 102 130 130
b7/0054_0135_0130_0201_0201.jpg 1 135 130 201 201
b7/0055_0290_0071_0255_0255.jpg 1 290 71 255 255
b7/0056_0197_0084_0147_0147.jpg 1 197 84 147 147
b7/0057_0135_0154_0245_0245.jpg 1 135 154 245 245
b7/0058_0129_0332_0079_0079.jpg 1 129 332 79 79
b7/0059_0198_0275_0096_0096.jpg 1 198 275 96 96
b7/0060_0311_0080_0183_0183.jpg 1 311 80 183 183
b7/0061_0126_0144_0311_0311.jpg 1 126 144 311 311
b7/0062_0042_0376_0060_0060.jpg 1 42 376 60 60
b7/0063_0309_0104_0102_0102.jpg 1 309 104 102 102
b7/0064_0175_0145_0187_0187.jpg 1 175 145 187 187
b7/0065_0162_0204_0209_0209.jpg 1 162 204 209 209
b7/0066_0287_0047_0275_0275.jpg 1 287 47 275 275
b7/0067_0175_0048_0228_0228.jpg 1 175 48 228 228
b7/0068_0117_0167_0068_0068.jpg 1 117 167 68 68
b7/0069_0170_0275_0053_0053.jpg 1 170 275 53 53
b7/0070_0279_0232_0087_0087.jpg 1 279 232 87 87
b7/0071_0202_0194_0208_0208.jpg 1 202 194 208 208
b7/0072_0119_0229_0319_0319.jpg 1 119 229 319 319
b7/0073_0123_0154_0196_0196.jpg 1 123 154 196 196
b7/0074_0153_0039_0280_0280.jpg 1 153 39 280 280
b7/0075_0205_0064_0285_0285.jpg 1 205 64 285 285
b7/0076_0096_0078_0329_0329.jpg 1 96 78 329 329
b7/0077_0062_0110_0289_0289.jpg 1 62 110 289 289
b7/0078_0361_0057_0160_0160.jpg 1 361 57 160 160
b7/0079_0041_0119_0315_0315.jpg 1 41 119 315 315
b7/0080_0401_0075_0121_0121.jpg 1 401 75 121 121
b7/0081_0072_0403_0125_0125.jpg 1 72 403 125 125
b7/0082_0100_0112_0309_0309.jpg 1 100 112 309 309
b7/0083_0103_0110_0122_0122.jpg 1 103 110 122 122
b7/0084_0247_0133_0308_0308.jpg 1 247 133 308 308
b7/0085_0215_0072_0190_0190.jpg 1 215 72 190 190
b7/0086_0032_0205_0229_0229.jpg 1 32 205 229 229
b7/0087_0381_0220_0120_0120.jpg 1 381 220 120 120
b7/0088_0141_0193_0080_0080.jpg 1 141 193 80 80
b7/0089_0300_0150_0200_0200.jpg 1 300 150 200 200
b7/0090_0145_0108_0282_0282.jpg 1 145 108 282 282
b7/0091_0203_0155_0186_0186.jpg 1 203 155 186 186
b7/0092_0188_0058_0185_0185.jpg 1 188 58 185 185
b7/0093_0218_0104_0278_0278.jpg 1 218 104 278 278
b7/0094_0248_0097_0231_0231.jpg 1 248 97 231 231
b7/0095_0305_0074_0251_0251.jpg 1 305 74 251 251
b7/0096_0097_0065_0243_0243.jpg 1 97 65 243 243
b7/0097_0215_0100_0295_0295.jpg 1 215 100 295 295
b7/0098_0097_0073_0328_0328.jpg 1 97 73 328 328
b7/0099_0162_0229_0144_0144.jpg 1 162 229 144 144
b7/0100_0155_0148_0176_0176.jpg 1 155 148 176 176
b7/0101_0151_0180_0225_0225.jpg 1 151 180 225 225
b7/0102_0229_0274_0083_0083.jpg 1 229 274 83 83
b7/0103_0119_0072_0098_0098.jpg 1 119 72 98 98
b7/0104_0103_0084_0221_0221.jpg 1 103 84 221 221
b7/0105_0128_0077_0335_0335.jpg 1 128 77 335 335
b7/0106_0193_0179_0236_0236.jpg 1 193 179 236 236
b7/0107_0117_0137_0270_0270.jpg 1 117 137 270 270
b7/0108_0107_0286_0073_0073.jpg 1 107 286 73 73
b7/0109_0226_0059_0279_0279.jpg 1 226 59 279 279
b7/0110_0255_0255_0125_0125.jpg 1 255 255 125 125
b7/0111_0452_0200_0057_0057.jpg 1 452 200 57 57
b7/0112_0095_0317_0214_0214.jpg 1 95 317 214 214
b7/0113_0382_0077_0156_0156.jpg 1 382 77 156 156
b7/0114_0075_0064_0281_0281.jpg 1 75 64 281 281
b7/0115_0284_0243_0154_0154.jpg 1 284 243 154 154
b7/0116_0201_0070_0272_0272.jpg 1 201 70 272 272
b7/0117_0079_0254_0069_0069.jpg 1 79 254 69 69
b7/0118_0164_0257_0153_0153.jpg 1 164 257 153 153
b7/0119_0052_0207_0257_0257.jpg 1 52 207 257 257
b7/0120_0043_0178_0264_0264.jpg 1 43 178 264 264
b7/0121_0132_0103_0220_0220.jpg 1 132 103 220 220
b7/0122_0061_0129_0281_0281.jpg 1 61 129 281 281
b7/0123_0149_0187_0262_0262.jpg 1 149 187 262 262
b7/0124_0205_0060_0120_0120.jpg 1 205 60 120 120
b7/0125_0123_0045_0204_0204.jpg 1 123 45 204 204
b7/0126_0194_0424_0078_0078.jpg 1 194 424 78 78
b7/0127_0223_0210_0145_0145.jpg 1 223 210 145 145
b7/0128_0120_0177_0190_0190.jpg 1 120 177 190 190
b7/0129_0376_0267_0136_0136.jpg 1 376 267 136 136
b7/0130_0323_0043_0152_0152.jpg 1 323 43 152 152
b7/0131_0127_0062_0309_0309.jpg 1 127 62 309 309
b7/0132_0255_0131_0167_0167.jpg 1 255 131 167 167
b7/0133_0369_0267_0139_0139.jpg 1 369 267 139 139
b7/0134_0302_0108_0191_0191.jpg 1 302 108 191 191
b7/0135_0444_0263_0072_0072.jpg 1 444 263 72 72
b7/0136_0396_0234_0101_0101.jpg 1 396 234 101 101
b7/0137_0399_0108_0101_0101.jpg 1 399 108 101 101
b7/0138_0259_0129_0112_0112.jpg 1 259 129 112 112
b7/0139_0227_0257_0182_0182.jpg 1 227 257 182 182
b7/0140_0067_0283_0073_0073.jpg 1 67 283 73 73
b7/0141_0205_0090_0180_0180.jpg 1 205 90 180 180
b7/0142_0177_0051_0254_0254.jpg 1 177 51 254 254
b7/0143_0384_0147_0099_0099.jpg 1 384 147 99 99
b7/0144_0260_0079_0138_0138.jpg 1 260 79 138 138
b7/0145_0186_0170_0189_0189.jpg 1 186 170 189 189
b7/0146_0076_0067_0324_0324.jpg 1 76 67 324 324
b7/0147_0098_0214_0315_0315.jpg 1 98 214 315 315
b7/0148_0203_0057_0206_0206.jpg 1 203 57 206 206
b7/0149_0292_0223_0153_0153.jpg 1 292 223 153 153
b7/0150_0141_0122_0121_0121.jpg 1 141 122 121 121
b7/0151_0288_0367_0114_0114.jpg 1 288 367 114 114
b7/0152_0035_0063_0240_0240.jpg 1 35 63 240 240
b7/0153_0301_0077_0171_0171.jpg 1 301 77 171 171
b7/0154_0213_0047_0300_0300.jpg 1 213 47 300 300
b7/0155_0184_0234_0242_0242.jpg 1 184 234 242 242
b7/0156_0134_0099_0268_0268.jpg 1 134 99 268 268
b7/0157_0090_0057_0257_0257.jpg 1 90 57 257 257
b7/0158_0140_0021_0309_0309.jpg 1 140 21 309 309
b7/0159_0352_0251_0162_0162.jpg 1 352 251 162 162
b7/0160_0194_0127_0150_0150.jpg 1 194 127 150 150
b7/0161_0117_0140_0067_0067.jpg 1 117 140 67 67
b7/0162_0113_0199_0066_0066.jpg 1 113 199 66 66
b7/0163_0265_0090_0266_0266.jpg 1 265 90 266 266
b7/0164_0073_0039_0236_0236.jpg 1 73 39 236 236
b7/0165_0073_0199_0208_0208.jpg 1 73 199 208 208
b7/0166_0356_0083_0115_0115.jpg 1 356 83 115 115
b7/0167_0230_0298_0072_0072.jpg 1 230 298 72 72
b7/0168_0133_0161_0079_0079.jpg 1 133 161 79 79
b7/0169_0236_0280_0057_0057.jpg 1 236 280 57 57
b7/0170_0088_0024_0249_0249.jpg 1 88 24 249 249
b7/0171_0106_0084_0235_0235.jpg 1 106 84 235 235
b7/0172_0309_0173_0113_0113.jpg 1 309 173 113 113
b7/0173_0044_0038_0267_0267.jpg 1 44 38 267 267
b7/0174_0287_0238_0093_0093.jpg 1 287 238 93 93
b7/0175_0089_0089_0326_0326.jpg 1 89 89 326 326
b7/0176_0122_0081_0108_0108.jpg 1 122 81 108 108
b7/0177_0395_0132_0107_0107.jpg 1 395 132 107 107
b7/0178_0261_0331_0135_0135.jpg 1 261 331 135 135
b7/0179_0107_0142_0216_0216.jpg 1 107 142 216 216
b7/0180_0059_0310_0070_0070.jpg 1 59 310 70 70
b7/0181_0237_0167_0143_0143.jpg 1 237 167 143 143
b7/0182_0038_0134_0335_0335.jpg 1 38 134 335 335
b7/0183_0200_0159_0057_0057.jpg 1 200 159 57 57
b7/0184_0038_0037_0160_0160.jpg 1 38 37 160 160
b7/0185_0068_0220_0222_0222.jpg 1 68 220 222 222
b7/0186_0089_0077_0152_0152.jpg 1 89 77 152 152
b7/0187_0182_0169_0224_0224.jpg 1 182 169 224 224
b7/0188_0083_0117_0271_0271.jpg 1 83 117 271 271
b7/0189_0092_0291_0125_0125.jpg 1 92 291 125 125
b7/0190_0137_0297_0090_0090.jpg 1 137 297 90 90
b7/0191_0226_0154_0270_0270.jpg 1 226 154 270 270
b7/0192_0149_0120_0128_0128.jpg 1 149 120 128 128
b7/0193_0117_0033_0317_0317.jpg 1 117 33 317 317
b7/0194_0167_0063_0335_0335.jpg 1 167 63 335 335
b7/0195_0096_0134_0084_0084.jpg 1 96 134 84 84
b7/0196_0125_0226_0306_0306.jpg 1 125 226 306 306
b7/0197_0102_0084_0145_0145.jpg 1 102 84 145 145
b7/0198_0298_0214_0193_0193.jpg 1 298 214 193 193
b7/0199_0313_0147_0193_0193.jpg 1 313 147 193 193
b7/0200_0063_0056_0265_0265.jpg 1 63 56 265 265
b8/0001_0093_0053_0279_0279.jpg 1 93 53 279 279
b8/0002_0092_0171_0164_0164.jpg 1 92 171 164 164
b8/0003_0168_0060_0222_0222.jpg 1 168 60 222 222
b8/0004_0118_0033_0261_0261.jpg 1 118 33 261 261
b8/0005_0119_0147_0211_0211.jpg 1 119 147 211 211
b8/0006_0275_0033_0195_0195.jpg 1 275 33 195 195
b8/0007_0060_0228_0309_0309.jpg 1 60 228 309 309
b8/0008_0371_0236_0100_0100.jpg 1 371 236 100 100
b8/0009_0207_0082_0302_0302.jpg 1 207 82 302 302
b8/0010_0255_0109_0285_0285.jpg 1 255 109 285 285
b8/0011_0082_0235_0239_0239.jpg 1 82 235 239 239
b8/0012_0110_0135_0242_0242.jpg 1 110 135 242 242
b8/0013_0320_0208_0049_0049.jpg 1 320 208 49 49
b8/0014_0232_0062_0097_0097.jpg 1 232 62 97 97
b8/0015_0336_0069_0163_0163.jpg 1 336 69 163 163
b8/0016_0266_0223_0095_0095.jpg 1 266 223 95 95
b8/0017_0175_0026_0332_0332.jpg 1 175 26 332 332
b8/0018_0099_0102_0269_0269.jpg 1 99 102 269 269
b8/0019_0249_0247_0089_0089.jpg 1 249 247 89 89
b8/0020_0244_0061_0328_0328.jpg 1 244 61 328 328
b8/0021_0070_0143_0297_0297.jpg 1 70 143 297 297
b8/0022_0208_0087_0105_0105.jpg 1 208 87 105 105
b8/0023_0117_0094_0185_0185.jpg 1 117 94 185 185
b8/0024_0126_0124_0321_0321.jpg 1 126 124 321 321
b8/0025_0095_0137_0297_0297.jpg 1 95 137 297 297
b8/0026_0101_0074_0302_0302.jpg 1 101 74 302 302
b8/0027_0084_0058_0067_0067.jpg 1 84 58 67 67
b8/0028_0068_0099_0305_0305.jpg 1 68 99 305 305
b8/0029_0167_0153_0284_0284.jpg 1 167 153 284 284
b8/0030_0154_0048_0216_0216.jpg 1 154 48 216 216
b8/0031_0251_0064_0317_0317.jpg 1 251 64 317 317
b8/0032_0157_0133_0258_0258.jpg 1 157 133 258 258
b8/0033_0180_0021_0301_0301.jpg 1 180 21 301 301
b8/0034_0312_0217_0206_0206.jpg 1 312 217 206 206
b8/0035_0352_0228_0151_0151.jpg 1 352 228 151 151
b8/0036_0154_0072_0303_0303.jpg 1 154 72 303 303
b8/0037_0066_0134_0267_0267.jpg 1 66 134 267 267
b8/0038_0202_0096_0297_0297.jpg 1 202 96 297 297
b8/0039_0203_0119_0228_0228.jpg 1 203 119 228 228
b8/0040_0076_0085_0080_0080.jpg 1 76 85 80 80
b8/0041_0320_0081_0207_0207.jpg 1 320 81 207 207
b8/0042_0074_0046_0245_0245.jpg 1 74 46 245 245
b8/0043_0112_0052_0107_0107.jpg 1 112 52 107 107
b8/0044_0189_0028_0255_0255.jpg 1 189 28 255 255
b8/0045_0082_0156_0206_0206.jpg 1 82 156 206 206
b8/0046_0078_0219_0176_0176.jpg 1 78 219 176 176
b8/0047_0134_0092_0325_0325.jpg 1 134 92 325 325
b8/0048_0373_0150_0089_0089.jpg 1 373 150 89 89
b8/0049_0399_0333_0048_0048.jpg 1 399 333 48 48
b8/0050_0272_0179_0232_0232.jpg 1 272 179 232 232
b8/0051_0058_0309_0054_0054.jpg 1 58 309 54 54
b8/0052_0339_0050_0139_0139.jpg 1 339 50 139 139
b8/0053_0071_0102_0130_0130.jpg 1 71 102 130 130
b8/0054_0135_0130_0201_0201.jpg 1 135 130 201 201
b8/0055_0290_0071_0255_0255.jpg 1 290 71 255 255
b8/0056_0197_0084_0147_0147.jpg 1 197 84 147 147
b8/0057_0135_0154_0245_0245.jpg 1 135 154 245 245
b8/0058_0129_0332_0079_0079.jpg 1 129 332 79 79
b8/0059_0198_0275_0096_0096.jpg 1 198 275 96 96
b8/0060_0311_0080_0183_0183.jpg 1 311 80 183 183
b8/0061_0126_0144_0311_0311.jpg 1 126 144 311 311
b8/0062_0042_0376_0060_0060.jpg 1 42 376 60 60
b8/0063_0309_0104_0102_0102.jpg 1 309 104 102 102
b8/0064_0175_0145_0187_0187.jpg 1 175 145 187 187
b8/0065_0162_0204_0209_0209.jpg 1 162 204 209 209
b8/0066_0287_0047_0275_0275.jpg 1 287 47 275 275
b8/0067_0175_0048_0228_0228.jpg 1 175 48 228 228
b8/0068_0117_0167_0068_0068.jpg 1 117 167 68 68
b8/0069_0170_0275_0053_0053.jpg 1 170 275 53 53
b8/0070_0279_0232_0087_0087.jpg 1 279 232 87 87
b8/0071_0202_0194_0208_0208.jpg 1 202 194 208 208
b8/0072_0119_0229_0319_0319.jpg 1 119 229 319 319
b8/0073_0123_0154_0196_0196.jpg 1 123 154 196 196
b8/0074_0153_0039_0280_0280.jpg 1 153 39 280 280
b8/0075_0205_0064_0285_0285.jpg 1 205 64 285 285
b8/0076_0096_0078_0329_0329.jpg 1 96 78 329 329
b8/0077_0062_0110_0289_0289.jpg 1 62 110 289 289
b8/0078_0361_0057_0160_0160.jpg 1 361 57 160 160
b8/0079_0041_0119_0315_0315.jpg 1 41 119 315 315
b8/0080_0401_0075_0121_0121.jpg 1 401 75 121 121
b8/0081_0072_0403_0125_0125.jpg 1 72 403 125 125
b8/0082_0100_0112_0309_0309.jpg 1 100 112 309 309
b8/0083_0103_0110_0122_0122.jpg 1 103 110 122 122
b8/0084_0247_0133_0308_0308.jpg 1 247 133 308 308
b8/0085_0215_0072_0190_0190.jpg 1 215 72 190 190
b8/0086_0032_0205_0229_0229.jpg 1 32 205 229 229
b8/0087_0381_0220_0120_0120.jpg 1 381 220 120 120
b8/0088_0141_0193_0080_0080.jpg 1 141 193 80 80
b8/0089_0300_0150_0200_0200.jpg 1 300 150 200 200
b8/0090_0145_0108_0282_0282.jpg 1 145 108 282 282
b8/0091_0203_0155_0186_0186.jpg 1 203 155 186 186
b8/0092_0188_0058_0185_0185.jpg 1 188 58 185 185
b8/0093_0218_0104_0278_0278.jpg 1 218 104 278 278
b8/0094_0248_0097_0231_0231.jpg 1 248 97 231 231
b8/0095_0305_0074_0251_0251.jpg 1 305 74 251 251
b8/0096_0097_0065_0243_0243.jpg 1 97 65 243 243
b8/0097_0215_0100_0295_0295.jpg 1 215 100 295 295
b8/0098_0097_0073_0328_0328.jpg 1 97 73 328 328
b8/0099_0162_0229_0144_0144.jpg 1 162 229 144 144
b8/0100_0155_0148_0176_0176.jpg 1 155 148 176 176
b8/0101_0151_0180_0225_0225.jpg 1 151 180 225 225
b8/0102_0229_0274_0083_0083.jpg 1 229 274 83 83
b8/0103_0119_0072_0098_0098.jpg 1 119 72 98 98
b8/0104_0103_0084_0221_0221.jpg 1 103 84 221 221
b8/0105_0128_0077_0335_0335.jpg 1 128 77 335 335
b8/0106_0193_0179_0236_0236.jpg 1 193 179 236 236
b8/0107_0117_0137_0270_0270.jpg 1 117 137 270 270
b8/0108_0107_0286_0073_0073.jpg 1 107 286 73 73
b8/0109_0226_0059_0279_0279.jpg 1 226 59 279 279
b8/0110_0255_0255_0125_0125.jpg 1 255 255 125 125
b8/0111_0452_0200_0057_0057.jpg 1 452 200 57 57
b8/0112_0095_0317_0214_0214.jpg 1 95 317 214 214
b8/0113_0382_0077_0156_0156.jpg 1 382 77 156 156
b8/0114_0075_0064_0281_0281.jpg 1 75 64 281 281
b8/0115_0284_0243_0154_0154.jpg 1 284 243 154 154
b8/0116_0201_0070_0272_0272.jpg 1 201 70 272 272
b8/0117_0079_0254_0069_0069.jpg 1 79 254 69 69
b8/0118_0164_0257_0153_0153.jpg 1 164 257 153 153
b8/0119_0052_0207_0257_0257.jpg 1 52 207 257 257
b8/0120_0043_0178_0264_0264.jpg 1 43 178 264 264
b8/0121_0132_0103_0220_0220.jpg 1 132 103 220 220
b8/0122_0061_0129_0281_0281.jpg 1 61 129 281 281
b8/0123_0149_0187_0262_0262.jpg 1 149 187 262 262
b8/0124_0205_0060_0120_0120.jpg 1 205 60 120 120
b8/0125_0123_0045_0204_0204.jpg 1 123 45 204 204
b8/0126_0194_0424_0078_0078.jpg 1 194 424 78 78
b8/0127_0223_0210_0145_0145.jpg 1 223 210 145 145
b8/0128_0120_0177_0190_0190.jpg 1 120 177 190 190
b8/0129_0376_0267_0136_0136.jpg 1 376 267 136 136
b8/0130_0323_0043_0152_0152.jpg 1 323 43 152 152
b8/0131_0127_0062_0309_0309.jpg 1 127 62 309 309
b8/0132_0255_0131_0167_0167.jpg 1 255 131 167 167
b8/0133_0369_0267_0139_0139.jpg 1 369 267 139 139
b8/0134_0302_0108_0191_0191.jpg 1 302 108 191 191
b8/0135_0444_0263_0072_0072.jpg 1 444 263 72 72
b8/0136_0396_0234_0101_0101.jpg 1 396 234 101 101
b8/0137_0399_0108_0101_0101.jpg 1 399 108 101 101
b8/0138_0259_0129_0112_0112.jpg 1 259 129 112 112
b8/0139_0227_0257_0182_0182.jpg 1 227 257 182 182
b8/0140_0067_0283_0073_0073.jpg 1 67 283 73 73
b8/0141_0205_0090_0180_0180.jpg 1 205 90 180 180
b8/0142_0177_0051_0254_0254.jpg 1 177 51 254 254
b8/0143_0384_0147_0099_0099.jpg 1 384 147 99 99
b8/0144_0260_0079_0138_0138.jpg 1 260 79 138 138
b8/0145_0186_0170_0189_0189.jpg 1 186 170 189 189
b8/0146_0076_0067_0324_0324.jpg 1 76 67 324 324
b8/0147_0098_0214_0315_0315.jpg 1 98 214 315 315
b8/0148_0203_0057_0206_0206.jpg 1 203 57 206 206
b8/0149_0292_0223_0153_0153.jpg 1 292 223 153 153
b8/0150_0141_0122_0121_0121.jpg 1 141 122 121 121
b8/0151_0288_0367_0114_0114.jpg 1 288 367 114 114
b8/0152_0035_0063_0240_0240.jpg 1 35 63 240 240
b8/0153_0301_0077_0171_0171.jpg 1 301 77 171 171
b8/0154_0213_0047_0300_0300.jpg 1 213 47 300 300
b8/0155_0184_0234_0242_0242.jpg 1 184 234 242 242
b8/0156_0134_0099_0268_0268.jpg 1 134 99 268 268
b8/0157_0090_0057_0257_0257.jpg 1 90 57 257 257
b8/0158_0140_0021_0309_0309.jpg 1 140 21 309 309
b8/0159_0352_0251_0162_0162.jpg 1 352 251 162 162
b8/0160_0194_0127_0150_0150.jpg 1 194 127 150 150
b8/0161_0117_0140_0067_0067.jpg 1 117 140 67 67
b8/0162_0113_0199_0066_0066.jpg 1 113 199 66 66
b8/0163_0265_0090_0266_0266.jpg 1 265 90 266 266
b8/0164_0073_0039_0236_0236.jpg 1 73 39 236 236
b8/0165_0073_0199_0208_0208.jpg 1 73 199 208 208
b8/0166_0356_0083_0115_0115.jpg 1 356 83 115 115
b8/0167_0230_0298_0072_0072.jpg 1 230 298 72 72
b8/0168_0133_0161_0079_0079.jpg 1 133 161 79 79
b8/0169_0236_0280_0057_0057.jpg 1 236 280 57 57
b8/0170_0088_0024_0249_0249.jpg 1 88 24 249 249
b8/0171_0106_0084_0235_0235.jpg 1 106 84 235 235
b8/0172_0309_0173_0113_0113.jpg 1 309 173 113 113
b8/0173_0044_0038_0267_0267.jpg 1 44 38 267 267
b8/0174_0287_0238_0093_0093.jpg 1 287 238 93 93
b8/0175_0089_0089_0326_0326.jpg 1 89 89 326 326
b8/0176_0122_0081_0108_0108.jpg 1 122 81 108 108
b8/0177_0395_0132_0107_0107.jpg 1 395 132 107 107
b8/0178_0261_0331_0135_0135.jpg 1 261 331 135 135
b8/0179_0107_0142_0216_0216.jpg 1 107 142 216 216
b8/0180_0059_0310_0070_0070.jpg 1 59 310 70 70
b8/0181_0237_0167_0143_0143.jpg 1 237 167 143 143
b8/0182_0038_0134_0335_0335.jpg 1 38 134 335 335
b8/0183_0200_0159_0057_0057.jpg 1 200 159 57 57
b8/0184_0038_0037_0160_0160.jpg 1 38 37 160 160
b8/0185_0068_0220_0222_0222.jpg 1 68 220 222 222
b8/0186_0089_0077_0152_0152.jpg 1 89 77 152 152
b8/0187_0182_0169_0224_0224.jpg 1 182 169 224 224
b8/0188_0083_0117_0271_0271.jpg 1 83 117 271 271
b8/0189_0092_0291_0125_0125.jpg 1 92 291 125 125
b8/0190_0137_0297_0090_0090.jpg 1 137 297 90 90
b8/0191_0226_0154_0270_0270.jpg 1 226 154 270 270
b8/0192_0149_0120_0128_0128.jpg 1 149 120 128 128
b8/0193_0117_0033_0317_0317.jpg 1 117 33 317 317
b8/0194_0167_0063_0335_0335.jpg 1 167 63 335 335
b8/0195_0096_0134_0084_0084.jpg 1 96 134 84 84
b8/0196_0125_0226_0306_0306.jpg 1 125 226 306 306
b8/0197_0102_0084_0145_0145.jpg 1 102 84 145 145
b8/0198_0298_0214_0193_0193.jpg 1 298 214 193 193
b8/0199_0313_0147_0193_0193.jpg 1 313 147 193 193
b8/0200_0063_0056_0265_0265.jpg 1 63 56 265 265
b9/0001_0093_0053_0279_0279.jpg 1 93 53 279 279
b9/0002_0092_0171_0164_0164.jpg 1 92 171 164 164
b9/0003_0168_0060_0222_0222.jpg 1 168 60 222 222
b9/0004_0118_0033_0261_0261.jpg 1 118 33 261 261
b9/0005_0119_0147_0211_0211.jpg 1 119 147 211 211
b9/0006_0275_0033_0195_0195.jpg 1 275 33 195 195
b9/0007_0060_0228_0309_0309.jpg 1 60 228 309 309
b9/0008_0371_0236_0100_0100.jpg 1 371 236 100 100
b9/0009_0207_0082_0302_0302.jpg 1 207 82 302 302
b9/0010_0255_0109_0285_0285.jpg 1 255 109 285 285
b9/0011_0082_0235_0239_0239.jpg 1 82 235 239 239
b9/0012_0110_0135_0242_0242.jpg 1 110 135 242 242
b9/0013_0320_0208_0049_0049.jpg 1 320 208 49 49
b9/0014_0232_0062_0097_0097.jpg 1 232 62 97 97
b9/0015_0336_0069_0163_0163.jpg 1 336 69 163 163
b9/0016_0266_0223_0095_0095.jpg 1 266 223 95 95
b9/0017_0175_0026_0332_0332.jpg 1 175 26 332 332
b9/0018_0099_0102_0269_0269.jpg 1 99 102 269 269
b9/0019_0249_0247_0089_0089.jpg 1 249 247 89 89
b9/0020_0244_0061_0328_0328.jpg 1 244 61 328 328
b9/0021_0070_0143_0297_0297.jpg 1 70 143 297 297
b9/0022_0208_0087_0105_0105.jpg 1 208 87 105 105
b9/0023_0117_0094_0185_0185.jpg 1 117 94 185 185
b9/0024_0126_0124_0321_0321.jpg 1 126 124 321 321
b9/0025_0095_0137_0297_0297.jpg 1 95 137 297 297
b9/0026_0101_0074_0302_0302.jpg 1 101 74 302 302
b9/0027_0084_0058_0067_0067.jpg 1 84 58 67 67
b9/0028_0068_0099_0305_0305.jpg 1 68 99 305 305
b9/0029_0167_0153_0284_0284.jpg 1 167 153 284 284
b9/0030_0154_0048_0216_0216.jpg 1 154 48 216 216
b9/0031_0251_0064_0317_0317.jpg 1 251 64 317 317
b9/0032_0157_0133_0258_0258.jpg 1 157 133 258 258
b9/0033_0180_0021_0301_0301.jpg 1 180 21 301 301
b9/0034_0312_0217_0206_0206.jpg 1 312 217 206 206
b9/0035_0352_0228_0151_0151.jpg 1 352 228 151 151
b9/0036_0154_0072_0303_0303.jpg 1 154 72 303 303
b9/0037_0066_0134_0267_0267.jpg 1 66 134 267 267
b9/0038_0202_0096_0297_0297.jpg 1 202 96 297 297
b9/0039_0203_0119_0228_0228.jpg 1 203 119 228 228
b9/0040_0076_0085_0080_0080.jpg 1 76 85 80 80
b9/0041_0320_0081_0207_0207.jpg 1 320 81 207 207
b9/0042_0074_0046_0245_0245.jpg 1 74 46 245 245
b9/0043_0112_0052_0107_0107.jpg 1 112 52 107 107
b9/0044_0189_0028_0255_0255.jpg 1 189 28 255 255
b9/0045_0082_0156_0206_0206.jpg 1 82 156 206 206
b9/0046_0078_0219_0176_0176.jpg 1 78 219 176 176
b9/0047_0134_0092_0325_0325.jpg 1 134 92 325 325
b9/0048_0373_0150_0089_0089.jpg 1 373 150 89 89
b9/0049_0399_0333_0048_0048.jpg 1 399 333 48 48
b9/0050_0272_0179_0232_0232.jpg 1 272 179 232 232
b9/0051_0058_0309_0054_0054.jpg 1 58 309 54 54
b9/0052_0339_0050_0139_0139.jpg 1 339 50 139 139
b9/0053_0071_0102_0130_0130.jpg 1 71 102 130 130
b9/0054_0135_0130_0201_0201.jpg 1 135 130 201 201
b9/0055_0290_0071_0255_0255.jpg 1 290 71 255 255
b9/0056_0197_0084_0147_0147.jpg 1 197 84 147 147
b9/0057_0135_0154_0245_0245.jpg 1 135 154 245 245
b9/0058_0129_0332_0079_0079.jpg 1 129 332 79 79
b9/0059_0198_0275_0096_0096.jpg 1 198 275 96 96
b9/0060_0311_0080_0183_0183.jpg 1 311 80 183 183
b9/0061_0126_0144_0311_0311.jpg 1 126 144 311 311
b9/0062_0042_0376_0060_0060.jpg 1 42 376 60 60
b9/0063_0309_0104_0102_0102.jpg 1 309 104 102 102
b9/0064_0175_0145_0187_0187.jpg 1 175 145 187 187
b9/0065_0162_0204_0209_0209.jpg 1 162 204 209 209
b9/0066_0287_0047_0275_0275.jpg 1 287 47 275 275
b9/0067_0175_0048_0228_0228.jpg 1 175 48 228 228
b9/0068_0117_0167_0068_0068.jpg 1 117 167 68 68
b9/0069_0170_0275_0053_0053.jpg 1 170 275 53 53
b9/0070_0279_0232_0087_0087.jpg 1 279 232 87 87
b9/0071_0202_0194_0208_0208.jpg 1 202 194 208 208
b9/0072_0119_0229_0319_0319.jpg 1 119 229 319 319
b9/0073_0123_0154_0196_0196.jpg 1 123 154 196 196
b9/0074_0153_0039_0280_0280.jpg 1 153 39 280 280
b9/0075_0205_0064_0285_0285.jpg 1 205 64 285 285
b9/0076_0096_0078_0329_0329.jpg 1 96 78 329 329
b9/0077_0062_0110_0289_0289.jpg 1 62 110 289 289
b9/0078_0361_0057_0160_0160.jpg 1 361 57 160 160
b9/0079_0041_0119_0315_0315.jpg 1 41 119 315 315
b9/0080_0401_0075_0121_0121.jpg 1 401 75 121 121
b9/0081_0072_0403_0125_0125.jpg 1 72 403 125 125
b9/0082_0100_0112_0309_0309.jpg 1 100 112 309 309
b9/0083_0103_0110_0122_0122.jpg 1 103 110 122 122
b9/0084_0247_0133_0308_0308.jpg 1 247 133 308 308
b9/0085_0215_0072_0190_0190.jpg 1 215 72 190 190
b9/0086_0032_0205_0229_0229.jpg 1 32 205 229 229
b9/0087_0381_0220_0120_0120.jpg 1 381 220 120 120
b9/0088_0141_0193_0080_0080.jpg 1 141 193 80 80
b9/0089_0300_0150_0200_0200.jpg 1 300 150 200 200
b9/0090_0145_0108_0282_0282.jpg 1 145 108 282 282
b9/0091_0203_0155_0186_0186.jpg 1 203 155 186 186
b9/0092_0188_0058_0185_0185.jpg 1 188 58 185 185
b9/0093_0218_0104_0278_0278.jpg 1 218 104 278 278
b9/0094_0248_0097_0231_0231.jpg 1 248 97 231 231
b9/0095_0305_0074_0251_0251.jpg 1 305 74 251 251
b9/0096_0097_0065_0243_0243.jpg 1 97 65 243 243
b9/0097_0215_0100_0295_0295.jpg 1 215 100 295 295
b9/0098_0097_0073_0328_0328.jpg 1 97 73 328 328
b9/0099_0162_0229_0144_0144.jpg 1 162 229 144 144
b9/0100_0155_0148_0176_0176.jpg 1 155 148 176 176
b9/0101_0151_0180_0225_0225.jpg 1 151 180 225 225
b9/0102_0229_0274_0083_0083.jpg 1 229 274 83 83
b9/0103_0119_0072_0098_0098.jpg 1 119 72 98 98
b9/0104_0103_0084_0221_0221.jpg 1 103 84 221 221
b9/0105_0128_0077_0335_0335.jpg 1 128 77 335 335
b9/0106_0193_0179_0236_0236.jpg 1 193 179 236 236
b9/0107_0117_0137_0270_0270.jpg 1 117 137 270 270
b9/0108_0107_0286_0073_0073.jpg 1 107 286 73 73
b9/0109_0226_0059_0279_0279.jpg 1 226 59 279 279
b9/0110_0255_0255_0125_0125.jpg 1 255 255 125 125
b9/0111_0452_0200_0057_0057.jpg 1 452 200 57 57
b9/0112_0095_0317_0214_0214.jpg 1 95 317 214 214
b9/0113_0382_0077_0156_0156.jpg 1 382 77 156 156
b9/0114_0075_0064_0281_0281.jpg 1 75 64 281 281
b9/0115_0284_0243_0154_0154.jpg 1 284 243 154 154
b9/0116_0201_0070_0272_0272.jpg 1 201 70 272 272
b9/0117_0079_0254_0069_0069.jpg 1 79 254 69 69
b9/0118_0164_0257_0153_0153.jpg 1 164 257 153 153
b9/0119_0052_0207_0257_0257.jpg 1 52 207 257 257
b9/0120_0043_0178_0264_0264.jpg 1 43 178 264 264
b9/0121_0132_0103_0220_0220.jpg 1 132 103 220 220
b9/0122_0061_0129_0281_0281.jpg 1 61 129 281 281
b9/0123_0149_0187_0262_0262.jpg 1 149 187 262 262
b9/0124_0205_0060_0120_0120.jpg 1 205 60 120 120
b9/0125_0123_0045_0204_0204.jpg 1 123 45 204 204
b9/0126_0194_0424_0078_0078.jpg 1 194 424 78 78
b9/0127_0223_0210_0145_0145.jpg 1 223 210 145 145
b9/0128_0120_0177_0190_0190.jpg 1 120 177 190 190
b9/0129_0376_0267_0136_0136.jpg 1 376 267 136 136
b9/0130_0323_0043_0152_0152.jpg 1 323 43 152 152
b9/0131_0127_0062_0309_0309.jpg 1 127 62 309 309
b9/0132_0255_0131_0167_0167.jpg 1 255 131 167 167
b9/0133_0369_0267_0139_0139.jpg 1 369 267 139 139
b9/0134_0302_0108_0191_0191.jpg 1 302 108 191 191
b9/0135_0444_0263_0072_0072.jpg 1 444 263 72 72
b9/0136_0396_0234_0101_0101.jpg 1 396 234 101 101
b9/0137_0399_0108_0101_0101.jpg 1 399 108 101 101
b9/0138_0259_0129_0112_0112.jpg 1 259 129 112 112
b9/0139_0227_0257_0182_0182.jpg 1 227 257 182 182
b9/0140_0067_0283_0073_0073.jpg 1 67 283 73 73
b9/0141_0205_0090_0180_0180.jpg 1 205 90 180 180
b9/0142_0177_0051_0254_0254.jpg 1 177 51 254 254
b9/0143_0384_0147_0099_0099.jpg 1 384 147 99 99
b9/0144_0260_0079_0138_0138.jpg 1 260 79 138 138
b9/0145_0186_0170_0189_0189.jpg 1 186 170 189 189
b9/0146_0076_0067_0324_0324.jpg 1 76 67 324 324
b9/0147_0098_0214_0315_0315.jpg 1 98 214 315 315
b9/0148_0203_0057_0206_0206.jpg 1 203 57 206 206
b9/0149_0292_0223_0153_0153.jpg 1 292 223 153 153
b9/0150_0141_0122_0121_0121.jpg 1 141 122 121 121
b9/0151_0288_0367_0114_0114.jpg 1 288 367 114 114
b9/0152_0035_0063_0240_0240.jpg 1 35 63 240 240
b9/0153_0301_0077_0171_0171.jpg 1 301 77 171 171
b9/0154_0213_0047_0300_0300.jpg 1 213 47 300 300
b9/0155_0184_0234_0242_0242.jpg 1 184 234 242 242
b9/0156_0134_0099_0268_0268.jpg 1 134 99 268 268
b9/0157_0090_0057_0257_0257.jpg 1 90 57 257 257
b9/0158_0140_0021_0309_0309.jpg 1 140 21 309 309
b9/0159_0352_0251_0162_0162.jpg 1 352 251 162 162
b9/0160_0194_0127_0150_0150.jpg 1 194 127 150 150
b9/0161_0117_0140_0067_0067.jpg 1 117 140 67 67
b9/0162_0113_0199_0066_0066.jpg 1 113 199 66 66
b9/0163_0265_0090_0266_0266.jpg 1 265 90 266 266
b9/0164_0073_0039_0236_0236.jpg 1 73 39 236 236
b9/0165_0073_0199_0208_0208.jpg 1 73 199 208 208
b9/0166_0356_0083_0115_0115.jpg 1 356 83 115 115
b9/0167_0230_0298_0072_0072.jpg 1 230 298 72 72
b9/0168_0133_0161_0079_0079.jpg 1 133 161 79 79
b9/0169_0236_0280_0057_0057.jpg 1 236 280 57 57
b9/0170_0088_0024_0249_0249.jpg 1 88 24 249 249
b9/0171_0106_0084_0235_0235.jpg 1 106 84 235 235
b9/0172_0309_0173_0113_0113.jpg 1 309 173 113 113
b9/0173_0044_0038_0267_0267.jpg 1 44 38 267 267
b9/0174_0287_0238_0093_0093.jpg 1 287 238 93 93
b9/0175_0089_0089_0326_0326.jpg 1 89 89 326 326
b9/0176_0122_0081_0108_0108.jpg 1 122 81 108 108
b9/0177_0395_0132_0107_0107.jpg 1 395 132 107 107
b9/0178_0261_0331_0135_0135.jpg 1 261 331 135 135
b9/0179_0107_0142_0216_0216.jpg 1 107 142 216 216
b9/0180_0059_0310_0070_0070.jpg 1 59 310 70 70
b9/0181_0237_0167_0143_0143.jpg 1 237 167 143 143
b9/0182_0038_0134_0335_0335.jpg 1 38 134 335 335
b9/0183_0200_0159_0057_0057.jpg 1 200 159 57 57
b9/0184_0038_0037_0160_0160.jpg 1 38 37 160 160
b9/0185_0068_0220_0222_0222.jpg 1 68 220 222 222
b9/0186_0089_0077_0152_0152.jpg 1 89 77 152 152
b9/0187_0182_0169_0224_0224.jpg 1 182 169 224 224
b9/0188_0083_0117_0271_0271.jpg 1 83 117 271 271
b9/0189_0092_0291_0125_0125.jpg 1 92 291 125 125
b9/0190_0137_0297_0090_0090.jpg 1 137 297 90 90
b9/0191_0226_0154_0270_0270.jpg 1 226 154 270 270
b9/0192_0149_0120_0128_0128.jpg 1 149 120 128 128
b9/0193_0117_0033_0317_0317.jpg 1 117 33 317 317
b9/0194_0167_0063_0335_0335.jpg 1 167 63 335 335
b9/0195_0096_0134_0084_0084.jpg 1 96 134 84 84
b9/0196_0125_0226_0306_0306.jpg 1 125 226 306 306
b9/0197_0102_0084_0145_0145.jpg 1 102 84 145 145
b9/0198_0298_0214_0193_0193.jpg 1 298 214 193 193
b9/0199_0313_0147_0193_0193.jpg 1 313 147 193 193
b9/0200_0063_0056_0265_0265.jpg 1 63 56 265 265