0001_0093_0053_0279_0279.jpg 1 93 53 279 279
0002_0092_0171_0164_0164.jpg 1 92 171 164 164
0003_0168_0060_0222_0222.jpg 1 168 60 222 222
0004_0118_0033_0261_0261.jpg 1 118 33 261 261
0005_0119_0147_0211_0211.jpg 1 119 147 211 211
0006_0275_0033_0195_0195.jpg 1 275 33 195 195
0007_0060_0228_0309_0309.jpg 1 60 228 309 309
0008_0371_0236_0100_0100.jpg 1 371 236 100 100
0009_0207_0082_0302_0302.jpg 1 207 82 302 302
0010_0255_0109_0285_0285.jpg 1 255 109 285 285
0011_0082_0235_0239_0239.jpg 1 82 235 239 239
0012_0110_0135_0242_0242.jpg 1 110 135 242 242
0013_0320_0208_0049_0049.jpg 1 320 208 49 49
0014_0232_0062_0097_0097.jpg 1 232 62 97 97
0015_0336_0069_0163_0163.jpg 1 336 69 163 163
0016_0266_0223_0095_0095.jpg 1 266 223 95 95
0017_0175_0026_0332_0332.jpg 1 175 26 332 332
0018_0099_0102_0269_0269.jpg 1 99 102 269 269
0019_0249_0247_0089_0089.jpg 1 249 247 89 89
0020_0244_0061_0328_0328.jpg 1 244 61 328 328
0021_0070_0143_0297_0297.jpg 1 70 143 297 297
0022_0208_0087_0105_0105.jpg 1 208 87 105 105
0023_0117_0094_0185_0185.jpg 1 117 94 185 185
0024_0126_0124_0321_0321.jpg 1 126 124 321 321
0025_0095_0137_0297_0297.jpg 1 95 137 297 297
0026_0101_0074_0302_0302.jpg 1 101 74 302 302
0027_0084_0058_0067_0067.jpg 1 84 58 67 67
0028_0068_0099_0305_0305.jpg 1 68 99 305 305
0029_0167_0153_0284_0284.jpg 1 167 153 284 284
0030_0154_0048_0216_0216.jpg 1 154 48 216 216
0031_0251_0064_0317_0317.jpg 1 251 64 317 317
0032_0157_0133_0258_0258.jpg 1 157 133 258 258
0033_0180_0021_0301_0301.jpg 1 180 21 301 301
0034_0312_0217_0206_0206.jpg 1 312 217 206 206
0035_0352_0228_0151_0151.jpg 1 352 228 151 151
0036_0154_0072_0303_0303.jpg 1 154 72 303 303
0037_0066_0134_0267_0267.jpg 1 66 134 267 267
0038_0202_0096_0297_0297.jpg 1 202 96 297 297
0039_0203_0119_0228_0228.jpg 1 203 119 228 228
0040_0076_0085_0080_0080.jpg 1 76 85 80 80
0041_0320_0081_0207_0207.jpg 1 320 81 207 207
0042_0074_0046_0245_0245.jpg 1 74 46 245 245
0043_0112_0052_0107_0107.jpg 1 112 52 107 107
0044_0189_0028_0255_0255.jpg 1 189 28 255 255
0045_0082_0156_0206_0206.jpg 1 82 156 206 206
0046_0078_0219_0176_0176.jpg 1 78 219 176 176
0047_0134_0092_0325_0325.jpg 1 134 92 325 325
0048_0373_0150_0089_0089.jpg 1 373 150 89 89
0049_0399_0333_0048_0048.jpg 1 399 333 48 48
0050_0272_0179_0232_0232.jpg 1 272 179 232 232
0051_0058_0309_0054_0054.jpg 1 58 309 54 54
0052_0339_0050_0139_0139.jpg 1 339 50 139 139
0053_0071_0102_0130_0130.jpg 1 71 102 130 130
0054_0135_0130_0201_0201.jpg 1 135 130 201 201
0055_0290_0071_0255_0255.jpg 1 290 71 255 255
0056_0197_0084_0147_0147.jpg 1 197 84 147 147
0057_0135_0154_0245_0245.jpg 1 135 154 245 245
0058_0129_0332_0079_0079.jpg 1 129 332 79 79
0059_0198_0275_0096_0096.jpg 1 198 275 96 96
0060_0311_0080_0183_0183.jpg 1 311 80 183 183
0061_0126_0144_0311_0311.jpg 1 126 144 311 311
0062_0042_0376_0060_0060.jpg 1 42 376 60 60
0063_0309_0104_0102_0102.jpg 1 309 104 102 102
0064_0175_0145_0187_0187.jpg 1 175 145 187 187
0065_0162_0204_0209_0209.jpg 1 162 204 209 209
0066_0287_0047_0275_0275.jpg 1 287 47 275 275
0067_0175_0048_0228_0228.jpg 1 175 48 228 228
0068_0117_0167_0068_0068.jpg 1 117 167 68 68
0069_0170_0275_0053_0053.jpg 1 170 275 53 53
0070_0279_0232_0087_0087.jpg 1 279 232 87 87
0071_0202_0194_0208_0208.jpg 1 202 194 208 208
0072_0119_0229_0319_0319.jpg 1 119 229 319 319
0073_0123_0154_0196_0196.jpg 1 123 154 196 196
0074_0153_0039_0280_0280.jpg 1 153 39 280 280
0075_0205_0064_0285_0285.jpg 1 205 64 285 285
0076_0096_0078_0329_0329.jpg 1 96 78 329 329
0077_0062_0110_0289_0289.jpg 1 62 110 289 289
0078_0361_0057_0160_0160.jpg 1 361 57 160 160
0079_0041_0119_0315_0315.jpg 1 41 119 315 315
0080_0401_0075_0121_0121.jpg 1 401 75 121 121
0081_0072_0403_0125_0125.jpg 1 72 403 125 125
0082_0100_0112_0309_0309.jpg 1 100 112 309 309
0083_0103_0110_0122_0122.jpg 1 103 110 122 122
0084_0247_0133_0308_0308.jpg 1 247 133 308 308
0085_0215_0072_0190_0190.jpg 1 215 72 190 190
0086_0032_0205_0229_0229.jpg 1 32 205 229 229
0087_0381_0220_0120_0120.jpg 1 381 220 120 120
0088_0141_0193_0080_0080.jpg 1 141 193 80 80
0089_0300_0150_0200_0200.jpg 1 300 150 200 200
0090_0145_0108_0282_0282.jpg 1 145 108 282 282
0091_0203_0155_0186_0186.jpg 1 203 155 186 186
0092_0188_0058_0185_0185.jpg 1 188 58 185 185
0093_0218_0104_0278_0278.jpg 1 218 104 278 278
0094_0248_0097_0231_0231.jpg 1 248 97 231 231
0095_0305_0074_0251_0251.jpg 1 305 74 251 251
0096_0097_0065_0243_0243.jpg 1 97 65 243 243
0097_0215_0100_0295_0295.jpg 1 215 100 295 295
0098_0097_0073_0328_0328.jpg 1 97 73 328 328
0099_0162_0229_0144_0144.jpg 1 162 229 144 144
0100_0155_0148_0176_0176.jpg 1 155 148 176 176
0101_0151_0180_0225_0225.jpg 1 151 180 225 225
0102_0229_0274_0083_0083.jpg 1 229 274 83 83
0103_0119_0072_0098_0098.jpg 1 119 72 98 98
0104_0103_0084_0221_0221.jpg 1 103 84 221 221
0105_0128_0077_0335_0335.jpg 1 128 77 335 335
0106_0193_0179_0236_0236.jpg 1 193 179 236 236
0107_0117_0137_0270_0270.jpg 1 117 137 270 270
0108_0107_0286_0073_0073.jpg 1 107 286 73 73
0109_0226_0059_0279_0279.jpg 1 226 59 279 279
0110_0255_0255_0125_0125.jpg 1 255 255 125 125
0111_0452_0200_0057_0057.jpg 1 452 200 57 57
0112_0095_0317_0214_0214.jpg 1 95 317 214 214
0113_0382_0077_0156_0156.jpg 1 382 77 156 156
0114_0075_0064_0281_0281.jpg 1 75 64 281 281
0115_0284_0243_0154_0154.jpg 1 284 243 154 154
0116_0201_0070_0272_0272.jpg 1 201 70 272 272
0117_0079_0254_0069_0069.jpg 1 79 254 69 69
0118_0164_0257_0153_0153.jpg 1 164 257 153 153
0119_0052_0207_0257_0257.jpg 1 52 207 257 257
0120_0043_0178_0264_0264.jpg 1 43 178 264 264
0121_0132_0103_0220_0220.jpg 1 132 103 220 220
0122_0061_0129_0281_0281.jpg 1 61 129 281 281
0123_0149_0187_0262_0262.jpg 1 149 187 262 262
0124_0205_0060_0120_0120.jpg 1 205 60 120 120
0125_0123_0045_0204_0204.jpg 1 123 45 204 204
0126_0194_0424_0078_0078.jpg 1 194 424 78 78
0127_0223_0210_0145_0145.jpg 1 223 210 145 145
0128_0120_0177_0190_0190.jpg 1 120 177 190 190
0129_0376_0267_0136_0136.jpg 1 376 267 136 136
0130_0323_0043_0152_0152.jpg 1 323 43 152 152
0131_0127_0062_0309_0309.jpg 1 127 62 309 309
0132_0255_0131_0167_0167.jpg 1 255 131 167 167
0133_0369_0267_0139_0139.jpg 1 369 267 139 139
0134_0302_0108_0191_0191.jpg 1 302 108 191 191
0135_0444_0263_0072_0072.jpg 1 444 263 72 72
0136_0396_0234_0101_0101.jpg 1 396 234 101 101
0137_0399_0108_0101_0101.jpg 1 399 108 101 101
0138_0259_0129_0112_0112.jpg 1 259 129 112 112
0139_0227_0257_0182_0182.jpg 1 227 257 182 182
0140_0067_0283_0073_0073.jpg 1 67 283 73 73
0141_0205_0090_0180_0180.jpg 1 205 90 180 180
0142_0177_0051_0254_0254.jpg 1 177 51 254 254
0143_0384_0147_0099_0099.jpg 1 384 147 99 99
0144_0260_0079_0138_0138.jpg 1 260 79 138 138
0145_0186_0170_0189_0189.jpg 1 186 170 189 189
0146_0076_0067_0324_0324.jpg 1 76 67 324 324
0147_0098_0214_0315_0315.jpg 1 98 214 315 315
0148_0203_0057_0206_0206.jpg 1 203 57 206 206
0149_0292_0223_0153_0153.jpg 1 292 223 153 153
0150_0141_0122_0121_0121.jpg 1 141 122 121 121
0151_0288_0367_0114_0114.jpg 1 288 367 114 114
0152_0035_0063_0240_0240.jpg 1 35 63 240 240
0153_0301_0077_0171_0171.jpg 1 301 77 171 171
0154_0213_0047_0300_0300.jpg 1 213 47 300 300
0155_0184_0234_0242_0242.jpg 1 184 234 242 242
0156_0134_0099_0268_0268.jpg 1 134 99 268 268
0157_0090_0057_0257_0257.jpg 1 90 57 257 257
0158_0140_0021_0309_0309.jpg 1 140 21 309 309
0159_0352_0251_0162_0162.jpg 1 352 251 162 162
0160_0194_0127_0150_0150.jpg 1 194 127 150 150
0161_0117_0140_0067_0067.jpg 1 117 140 67 67
0162_0113_0199_0066_0066.jpg 1 113 199 66 66
0163_0265_0090_0266_0266.jpg 1 265 90 266 266
0164_0073_0039_0236_0236.jpg 1 73 39 236 236
0165_0073_0199_0208_0208.jpg 1 73 199 208 208
0166_0356_0083_0115_0115.jpg 1 356 83 115 115
0167_0230_0298_0072_0072.jpg 1 230 298 72 72
0168_0133_0161_0079_0079.jpg 1 133 161 79 79
0169_0236_0280_0057_0057.jpg 1 236 280 57 57
0170_0088_0024_0249_0249.jpg 1 88 24 249 249
0171_0106_0084_0235_0235.jpg 1 106 84 235 235
0172_0309_0173_0113_0113.jpg 1 309 173 113 113
0173_0044_0038_0267_0267.jpg 1 44 38 267 267
0174_0287_0238_0093_0093.jpg 1 287 238 93 93
0175_0089_0089_0326_0326.jpg 1 89 89 326 326
0176_0122_0081_0108_0108.jpg 1 122 81 108 108
0177_0395_0132_0107_0107.jpg 1 395 132 107 107
0178_0261_0331_0135_0135.jpg 1 261 331 135 135
0179_0107_0142_0216_0216.jpg 1 107 142 216 216
0180_0059_0310_0070_0070.jpg 1 59 310 70 70
0181_0237_0167_0143_0143.jpg 1 237 167 143 143
0182_0038_0134_0335_0335.jpg 1 38 134 335 335
0183_0200_0159_0057_0057.jpg 1 200 159 57 57
0184_0038_0037_0160_0160.jpg 1 38 37 160 160
0185_0068_0220_0222_0222.jpg 1 68 220 222 222
0186_0089_0077_0152_0152.jpg 1 89 77 152 152
0187_0182_0169_0224_0224.jpg 1 182 169 224 224
0188_0083_0117_0271_0271.jpg 1 83 117 271 271
0189_0092_0291_0125_0125.jpg 1 92 291 125 125
0190_0137_0297_0090_0090.jpg 1 137 297 90 90
0191_0226_0154_0270_0270.jpg 1 226 154 270 270
0192_0149_0120_0128_0128.jpg 1 149 120 128 128
0193_0117_0033_0317_0317.jpg 1 117 33 317 317
0194_0167_0063_0335_0335.jpg 1 167 63 335 335
0195_0096_0134_0084_0084.jpg 1 96 134 84 84
0196_0125_0226_0306_0306.jpg 1 125 226 306 306
0197_0102_0084_0145_0145.jpg 1 102 84 145 145
0198_0298_0214_0193_0193.jpg 1 298 214 193 193
0199_0313_0147_0193_0193.jpg 1 313 147 193 193
0200_0063_0056_0265_0265.jpg 1 63 56 265 265
